142.5550 35.9430
142.6040 36.0000
142.6800 36.0640
142.8160 36.1350
142.9810 36.2110
143.0180 36.3400
143.1530 36.5190
143.2770 36.6480
143.4070 36.8610
143.5180 37.0580
143.6350 37.2880
143.7440 37.4780
143.8440 37.7110
143.8890 37.9290
143.9300 38.1660
143.9740 38.3590
144.0160 38.5350
144.0630 38.7090
144.1200 38.9090
144.1870 39.1230
144.2040 39.3740
144.2380 39.5570
144.2260 39.7670
144.2540 39.9280
144.2820 40.0690
144.3280 40.2040
144.3990 40.3670
144.4800 40.5500
144.6120 40.7200
144.6120 40.8360
144.6280 40.9400
144.6410 41.0090
144.6980 41.0570
144.7810 41.0920
144.9110 41.1300
144.9930 41.1640
145.1900 41.2350
145.4030 41.3300
145.6950 41.4280
145.8850 41.5480
146.0820 41.6740
146.2380 41.7290
146.4470 41.8360
146.6700 41.9520
146.8560 42.0100
147.0510 42.1330
147.1970 42.2290
147.4030 42.3490
147.6000 42.4600
147.8200 42.5770
148.0290 42.7030
148.2310 42.8200
148.4130 42.9390
148.6280 43.0810
148.8600 43.2290
149.1120 43.3930
149.3240 43.5300
149.5330 43.6610
149.7850 43.7640
149.9690 43.8180
149.9740 43.9080
150.2800 44.0500
150.6390 44.1930
150.8860 44.2870
151.1320 44.4130
151.4480 44.5620
151.6860 44.6940
151.8300 44.7720
152.0170 44.8910
152.1680 45.0060
152.4310 45.1570
152.6250 45.2920
152.8010 45.3940
153.0460 45.5480
153.2520 45.6530
153.5280 45.8240
153.7960 45.9410
153.9010 46.0860
154.0010 46.2050
154.1450 46.3060
154.3030 46.4310
154.4450 46.5280
154.6970 46.6380
154.7610 46.8370
154.8430 46.9020
155.0030 47.0210
155.1540 47.1550
155.3620 47.3290
155.6230 47.5480
155.9110 47.7550
156.1620 47.9260
156.4000 48.0610
156.6240 48.1760
156.8140 48.3130
156.9740 48.4410
157.0150 48.4880
157.1340 48.6610
157.2730 48.8030
157.5000 48.9680
157.7760 49.0580
157.9800 49.1990
158.3200 49.3770
158.5510 49.3960
158.7340 49.5810
158.9030 49.7380
159.1590 49.9640
159.3600 50.1260
159.5610 50.2980
159.7700 50.5190
159.9730 50.6340
160.3250 50.9150
160.4850 51.1010
160.7270 51.3590
161.0570 51.6220
161.3060 51.7970
161.5980 51.9970
161.8340 52.2020
161.8860 52.3080
162.0490 52.5070
162.3090 52.7920
162.5610 53.0470
162.7890 53.2820
162.9470 53.5830
163.1390 53.8590
163.3590 54.1150
163.5550 54.2880
163.7450 54.5410
163.9160 54.8180
164.0400 55.1380
164.1150 55.3620
157.49 56.00
157.48 55.98
157.48 55.98
157.47 55.96
157.46 55.94
157.46 55.94
157.45 55.92
157.44 55.91
157.44 55.90
157.43 55.88
157.42 55.87
157.41 55.86
157.40 55.84
157.40 55.83
157.39 55.82
157.38 55.80
157.38 55.80
157.37 55.78
157.36 55.76
157.36 55.76
157.35 55.74
157.34 55.73
157.34 55.72
157.32 55.70
157.32 55.69
157.31 55.68
157.30 55.66
157.30 55.66
157.29 55.64
157.28 55.62
157.28 55.62
157.27 55.60
157.26 55.59
157.26 55.58
157.24 55.56
157.24 55.55
157.23 55.54
157.22 55.52
157.22 55.52
157.21 55.50
157.20 55.49
157.20 55.48
157.18 55.46
157.18 55.45
157.17 55.44
157.16 55.42
157.16 55.42
157.15 55.40
157.14 55.39
157.13 55.38
157.12 55.36
157.12 55.36
157.11 55.34
157.10 55.33
157.09 55.32
157.08 55.30
157.08 55.30
157.07 55.28
157.06 55.27
157.06 55.26
157.04 55.24
157.04 55.24
157.03 55.22
157.02 55.21
157.02 55.20
157.00 55.18
157.00 55.18
156.99 55.16
156.98 55.15
156.97 55.14
156.96 55.12
156.96 55.12
156.95 55.10
156.94 55.09
156.93 55.08
156.92 55.06
156.92 55.06
156.91 55.04
156.90 55.03
156.89 55.02
156.88 55.00
156.88 55.00
156.86 54.98
156.86 54.98
156.85 54.96
156.84 54.95
156.83 54.94
156.82 54.92
156.82 54.92
156.80 54.90
156.80 54.89
156.79 54.88
156.78 54.87
156.77 54.86
156.76 54.84
156.76 54.84
156.74 54.82
156.74 54.82
156.73 54.80
156.72 54.79
156.71 54.78
156.70 54.76
156.70 54.76
156.68 54.74
156.68 54.74
156.66 54.72
156.66 54.72
156.65 54.70
156.64 54.69
156.63 54.68
156.62 54.67
156.61 54.66
156.60 54.64
156.60 54.64
156.58 54.62
156.58 54.62
156.56 54.60
156.56 54.60
156.55 54.58
156.54 54.57
156.53 54.56
156.52 54.55
156.51 54.54
156.50 54.53
156.49 54.52
156.48 54.51
156.47 54.50
156.46 54.48
156.46 54.48
156.44 54.46
156.44 54.46
156.42 54.44
156.42 54.44
156.40 54.42
156.40 54.42
156.38 54.40
156.38 54.40
156.36 54.38
156.36 54.38
156.35 54.36
156.34 54.35
156.33 54.34
156.32 54.33
156.31 54.32
156.30 54.31
156.29 54.30
156.28 54.29
156.27 54.28
156.26 54.27
156.25 54.26
156.24 54.25
156.23 54.24
156.22 54.23
156.21 54.22
156.20 54.21
156.19 54.20
156.18 54.19
156.17 54.18
156.16 54.17
156.15 54.16
156.14 54.15
156.13 54.14
156.12 54.13
156.11 54.12
156.10 54.10
156.10 54.10
156.08 54.08
156.08 54.08
156.06 54.06
156.06 54.06
156.04 54.04
156.04 54.04
156.02 54.02
156.02 54.01
156.01 54.00
156.00 53.99
155.99 53.98
155.98 53.97
155.97 53.96
155.96 53.94
155.96 53.94
155.94 53.92
155.94 53.92
155.93 53.90
155.92 53.89
155.91 53.88
155.90 53.87
155.89 53.86
155.88 53.84
155.88 53.84
155.86 53.82
155.86 53.82
155.85 53.80
155.84 53.79
155.83 53.78
155.82 53.77
155.81 53.76
155.80 53.74
155.80 53.74
155.78 53.72
155.78 53.72
155.76 53.70
155.76 53.70
155.75 53.68
155.74 53.67
155.73 53.66
155.72 53.65
155.71 53.64
155.70 53.63
155.69 53.62
155.68 53.61
155.67 53.60
155.66 53.59
155.66 53.58
155.64 53.56
155.64 53.56
155.62 53.54
155.62 53.54
155.60 53.52
155.60 53.52
155.58 53.50
155.58 53.50
155.56 53.48
155.56 53.48
155.54 53.46
155.54 53.46
155.52 53.44
155.52 53.44
155.51 53.42
155.50 53.41
155.49 53.40
155.48 53.39
155.47 53.38
155.46 53.37
155.45 53.36
155.44 53.35
155.43 53.34
155.42 53.33
155.41 53.32
155.40 53.31
155.39 53.30
155.38 53.29
155.37 53.28
155.36 53.26
155.36 53.26
155.34 53.24
155.34 53.24
155.32 53.22
155.32 53.22
155.30 53.20
155.30 53.20
155.28 53.19
155.27 53.18
155.26 53.17
155.25 53.16
155.24 53.15
155.23 53.14
155.22 53.13
155.21 53.12
155.20 53.11
155.19 53.10
155.18 53.09
155.16 53.08
155.16 53.08
155.14 53.06
155.14 53.06
155.12 53.05
155.11 53.04
155.10 53.03
155.09 53.02
155.08 53.01
155.06 53.00
155.06 53.00
155.04 52.98
155.03 52.98
155.02 52.97
155.00 52.96
155.00 52.96
154.98 52.94
154.98 52.94
154.96 52.93
154.95 52.92
154.94 52.92
154.92 52.90
154.92 52.90
154.90 52.89
154.88 52.88
154.88 52.88
154.86 52.86
154.85 52.86
154.84 52.85
154.82 52.84
154.82 52.84
154.80 52.83
154.79 52.82
154.78 52.82
154.76 52.80
154.75 52.80
154.74 52.79
154.72 52.78
154.72 52.78
154.70 52.77
154.68 52.76
154.68 52.76
154.66 52.75
154.65 52.74
154.64 52.73
154.62 52.72
154.61 52.72
154.60 52.71
154.58 52.70
154.58 52.70
154.56 52.69
154.54 52.68
154.54 52.68
154.52 52.67
154.51 52.66
154.50 52.66
154.48 52.65
154.47 52.64
154.46 52.63
154.44 52.62
154.43 52.62
154.42 52.61
154.40 52.60
154.40 52.60
154.38 52.59
154.37 52.58
154.36 52.58
154.34 52.56
154.33 52.56
154.32 52.55
154.30 52.54
154.30 52.54
154.28 52.53
154.27 52.52
154.26 52.51
154.24 52.50
154.24 52.50
154.22 52.49
154.21 52.48
154.20 52.47
154.18 52.46
154.18 52.46
154.16 52.45
154.15 52.44
154.14 52.43
154.12 52.42
154.12 52.42
154.10 52.40
154.09 52.40
154.08 52.39
154.07 52.38
154.06 52.38
154.04 52.36
154.04 52.36
154.02 52.35
154.01 52.34
154.00 52.33
153.98 52.32
153.98 52.32
153.96 52.30
153.96 52.30
153.94 52.29
153.93 52.28
153.92 52.27
153.90 52.26
153.90 52.26
153.88 52.24
153.88 52.24
153.86 52.23
153.85 52.22
153.84 52.21
153.82 52.20
153.82 52.20
153.80 52.18
153.80 52.18
153.78 52.16
153.77 52.16
153.76 52.15
153.75 52.14
153.74 52.13
153.72 52.12
153.72 52.12
153.70 52.10
153.70 52.10
153.68 52.08
153.68 52.08
153.66 52.07
153.65 52.06
153.64 52.05
153.63 52.04
153.62 52.04
153.60 52.02
153.60 52.02
153.58 52.00
153.57 52.00
153.56 51.99
153.55 51.98
153.54 51.97
153.52 51.96
153.52 51.96
153.50 51.94
153.49 51.94
153.48 51.93
153.47 51.92
153.46 51.91
153.44 51.90
153.44 51.90
153.42 51.88
153.41 51.88
153.40 51.87
153.39 51.86
153.38 51.86
153.36 51.84
153.36 51.84
153.34 51.83
153.33 51.82
153.32 51.81
153.30 51.80
153.30 51.80
153.28 51.78
153.27 51.78
153.26 51.77
153.24 51.76
153.24 51.76
153.22 51.74
153.21 51.74
153.20 51.73
153.18 51.72
153.18 51.72
153.16 51.70
153.15 51.70
153.14 51.69
153.12 51.68
153.12 51.68
153.10 51.67
153.09 51.66
153.08 51.66
153.06 51.65
153.05 51.64
153.04 51.64
153.02 51.62
153.01 51.62
153.00 51.61
152.98 51.61
152.97 51.60
152.96 51.60
152.94 51.59
152.92 51.58
152.92 51.58
152.90 51.57
152.88 51.56
152.87 51.56
152.86 51.56
152.84 51.55
152.82 51.54
152.81 51.54
152.80 51.54
152.78 51.53
152.76 51.53
152.74 51.52
152.74 51.52
152.72 51.51
152.70 51.51
152.68 51.50
152.67 51.50
152.66 51.50
152.64 51.49
152.62 51.49
152.60 51.48
152.60 51.48
152.58 51.47
152.56 51.47
152.54 51.46
152.54 51.46
152.52 51.45
152.50 51.45
152.48 51.44
152.48 51.44
152.46 51.43
152.44 51.43
152.42 51.42
152.42 51.42
152.40 51.41
152.38 51.40
152.37 51.40
152.36 51.39
152.34 51.39
152.33 51.38
152.32 51.38
152.30 51.37
152.28 51.36
152.28 51.36
152.26 51.35
152.24 51.34
152.24 51.34
152.22 51.33
152.20 51.32
152.20 51.32
152.18 51.31
152.17 51.30
152.16 51.29
152.14 51.28
152.14 51.28
152.12 51.27
152.11 51.26
152.10 51.26
152.08 51.24
152.08 51.24
152.06 51.23
152.05 51.22
152.04 51.21
152.02 51.20
152.02 51.20
152.00 51.18
152.00 51.18
151.98 51.16
151.98 51.16
151.96 51.14
151.96 51.14
151.94 51.12
151.94 51.12
151.92 51.10
151.92 51.10
151.90 51.08
151.90 51.08
151.88 51.06
151.88 51.06
151.87 51.04
151.86 51.03
151.85 51.02
151.84 51.00
151.84 51.00
151.83 50.98
151.82 50.97
151.81 50.96
151.80 50.94
151.80 50.93
151.79 50.92
151.79 50.90
151.78 50.89
151.78 50.88
151.77 50.86
151.76 50.84
151.76 50.83
151.76 50.82
151.75 50.80
151.74 50.78
151.74 50.77
151.74 50.76
151.73 50.74
151.72 50.72
151.72 50.72
151.71 50.70
151.70 50.68
151.70 50.67
151.70 50.66
151.69 50.64
151.68 50.63
151.67 50.62
151.66 50.60
151.66 50.60
151.65 50.58
151.64 50.57
151.63 50.56
151.62 50.55
151.62 50.54
151.60 50.52
151.60 50.52
151.58 50.50
151.57 50.50
151.56 50.49
151.55 50.48
151.54 50.47
151.53 50.46
151.52 50.46
151.50 50.44
151.50 50.44
151.48 50.43
151.47 50.42
151.46 50.42
151.44 50.40
151.43 50.40
151.42 50.39
151.40 50.38
151.40 50.38
151.38 50.37
151.36 50.36
151.36 50.36
151.34 50.35
151.32 50.34
151.32 50.34
151.30 50.33
151.28 50.32
151.28 50.32
151.26 50.31
151.24 50.30
151.24 50.30
151.22 50.29
151.21 50.28
151.20 50.28
151.18 50.26
151.17 50.26
151.16 50.25
151.14 50.24
151.14 50.24
151.12 50.23
151.10 50.22
151.10 50.22
151.08 50.20
151.07 50.20
151.06 50.19
151.04 50.18
151.04 50.18
151.02 50.16
151.01 50.16
151.00 50.15
150.99 50.14
150.98 50.14
150.96 50.12
150.96 50.12
150.94 50.11
150.93 50.10
150.92 50.09
150.91 50.08
150.90 50.07
150.88 50.06
150.88 50.06
150.86 50.04
150.86 50.04
150.84 50.03
150.83 50.02
150.82 50.01
150.81 50.00
150.80 49.99
150.79 49.98
150.78 49.97
150.77 49.96
150.76 49.95
150.74 49.94
150.74 49.94
150.72 49.92
150.72 49.92
150.70 49.90
150.70 49.90
150.68 49.88
150.68 49.88
150.66 49.86
150.66 49.86
150.64 49.84
150.64 49.84
150.62 49.82
150.62 49.82
150.60 49.80
150.60 49.80
150.58 49.78
150.58 49.78
150.56 49.77
150.55 49.76
150.54 49.75
150.53 49.74
150.52 49.73
150.51 49.72
150.50 49.71
150.49 49.70
150.48 49.69
150.47 49.68
150.46 49.67
150.45 49.66
150.44 49.65
150.43 49.64
150.42 49.63
150.40 49.62
150.40 49.62
150.38 49.60
150.38 49.60
150.36 49.58
150.36 49.58
150.34 49.56
150.33 49.56
150.32 49.55
150.31 49.54
150.30 49.53
150.29 49.52
150.28 49.51
150.26 49.50
150.26 49.50
150.24 49.48
150.24 49.48
150.22 49.46
150.22 49.46
150.20 49.44
150.20 49.44
150.18 49.43
150.17 49.42
150.16 49.41
150.15 49.40
150.14 49.39
150.13 49.38
150.12 49.37
150.11 49.36
150.10 49.35
150.09 49.34
150.08 49.33
150.07 49.32
150.06 49.31
150.05 49.30
150.04 49.29
150.03 49.28
150.02 49.27
150.01 49.26
150.00 49.25
149.99 49.24
149.98 49.23
149.97 49.22
149.96 49.21
149.95 49.20
149.94 49.19
149.93 49.18
149.92 49.17
149.91 49.16
149.90 49.15
149.89 49.14
149.88 49.13
149.87 49.12
149.86 49.11
149.85 49.10
149.84 49.09
149.83 49.08
149.82 49.07
149.81 49.06
149.80 49.05
149.79 49.04
149.78 49.03
149.76 49.02
149.76 49.02
149.74 49.00
149.74 49.00
149.72 48.98
149.72 48.98
149.70 48.96
149.69 48.96
149.68 48.95
149.67 48.94
149.66 48.93
149.65 48.92
149.64 48.92
149.62 48.90
149.62 48.90
149.60 48.89
149.59 48.88
149.58 48.87
149.57 48.86
149.56 48.86
149.54 48.84
149.54 48.84
149.52 48.83
149.51 48.82
149.50 48.81
149.48 48.80
149.48 48.80
149.46 48.79
149.45 48.78
149.44 48.78
149.42 48.76
149.42 48.76
149.40 48.75
149.38 48.74
149.38 48.74
149.36 48.73
149.35 48.72
149.34 48.72
149.32 48.70
149.31 48.70
149.30 48.69
149.28 48.68
149.27 48.68
149.26 48.67
149.24 48.66
149.24 48.66
149.22 48.65
149.20 48.64
149.20 48.64
149.18 48.63
149.16 48.62
149.15 48.62
149.14 48.61
149.12 48.60
149.11 48.60
149.10 48.59
149.08 48.58
149.07 48.58
149.06 48.58
149.04 48.57
149.03 48.56
149.02 48.56
149.00 48.55
148.99 48.54
148.98 48.53
148.96 48.52
148.95 48.52
148.94 48.51
148.92 48.50
148.92 48.50
148.90 48.49
148.89 48.48
148.88 48.48
148.86 48.46
148.85 48.46
148.84 48.45
148.82 48.44
148.82 48.44
148.80 48.42
148.79 48.42
148.78 48.41
148.77 48.40
148.76 48.40
148.74 48.38
148.74 48.38
148.72 48.37
148.71 48.36
148.70 48.35
148.68 48.34
148.68 48.34
148.66 48.33
148.65 48.32
148.64 48.31
148.62 48.30
148.62 48.30
148.60 48.29
148.59 48.28
148.58 48.27
148.56 48.26
148.56 48.26
148.54 48.25
148.53 48.24
148.52 48.24
148.50 48.23
148.49 48.22
148.48 48.21
148.46 48.20
148.46 48.20
148.44 48.19
148.42 48.18
148.42 48.18
148.40 48.17
148.38 48.16
148.38 48.16
148.36 48.15
148.34 48.14
148.34 48.14
148.32 48.13
148.30 48.12
148.30 48.12
148.28 48.11
148.26 48.10
148.26 48.10
148.24 48.09
148.22 48.08
148.22 48.08
148.20 48.07
148.18 48.06
148.18 48.06
148.16 48.05
148.14 48.04
148.14 48.04
148.12 48.03
148.10 48.02
148.10 48.02
148.08 48.01
148.07 48.00
148.06 48.00
148.04 47.99
148.03 47.98
148.02 47.97
148.00 47.96
148.00 47.96
147.98 47.95
147.96 47.94
147.96 47.94
147.94 47.93
147.93 47.92
147.92 47.92
147.90 47.90
147.89 47.90
147.88 47.89
147.86 47.88
147.86 47.88
147.84 47.87
147.83 47.86
147.82 47.85
147.80 47.84
147.80 47.84
147.78 47.83
147.77 47.82
147.76 47.82
147.74 47.80
147.74 47.80
147.72 47.79
147.70 47.78
147.70 47.78
147.68 47.77
147.67 47.76
147.66 47.75
147.64 47.74
147.64 47.74
147.62 47.73
147.61 47.72
147.60 47.71
147.58 47.70
147.58 47.70
147.56 47.69
147.55 47.68
147.54 47.67
147.52 47.66
147.52 47.66
147.50 47.65
147.49 47.64
147.48 47.63
147.46 47.62
147.46 47.62
147.44 47.60
147.44 47.60
147.42 47.59
147.41 47.58
147.40 47.57
147.38 47.56
147.38 47.56
147.36 47.54
147.36 47.54
147.34 47.52
147.34 47.52
147.32 47.51
147.31 47.50
147.30 47.49
147.29 47.48
147.28 47.47
147.27 47.46
147.26 47.45
147.24 47.44
147.24 47.44
147.22 47.42
147.22 47.42
147.20 47.40
147.19 47.40
147.18 47.39
147.17 47.38
147.16 47.38
147.14 47.36
147.14 47.36
147.12 47.35
147.10 47.34
147.10 47.34
147.08 47.33
147.06 47.32
147.06 47.32
147.04 47.31
147.02 47.31
147.00 47.30
147.00 47.30
146.98 47.29
146.96 47.29
146.94 47.28
146.92 47.28
146.92 47.28
146.90 47.28
146.88 47.27
146.86 47.27
146.84 47.27
146.82 47.27
146.80 47.27
146.78 47.26
146.76 47.26
146.74 47.26
146.72 47.26
146.70 47.26
146.68 47.26
146.66 47.26
146.64 47.26
146.62 47.26
146.60 47.26
146.58 47.27
146.56 47.27
146.54 47.27
146.52 47.27
146.50 47.27
146.48 47.27
146.46 47.28
146.44 47.28
146.43 47.28
146.42 47.28
146.40 47.29
146.38 47.29
146.36 47.30
146.35 47.30
146.34 47.30
146.32 47.31
146.30 47.32
146.30 47.32
146.28 47.33
146.26 47.34
146.26 47.34
146.24 47.35
146.22 47.36
146.22 47.36
146.20 47.37
146.19 47.38
146.18 47.39
146.16 47.40
146.16 47.40
146.14 47.42
146.13 47.42
146.12 47.43
146.11 47.44
146.10 47.44
146.08 47.46
146.08 47.46
146.06 47.47
146.04 47.48
146.04 47.48
146.02 47.49
146.00 47.50
146.00 47.50
145.98 47.51
145.96 47.51
145.94 47.52
145.93 47.52
145.92 47.52
145.90 47.53
145.88 47.53
145.86 47.53
145.84 47.54
145.82 47.54
145.80 47.54
145.78 47.54
145.76 47.54
145.74 47.54
145.72 47.54
145.70 47.54
145.68 47.54
145.66 47.53
145.64 47.53
145.62 47.53
145.60 47.53
145.58 47.52
145.56 47.52
145.56 47.52
145.54 47.51
145.52 47.51
145.50 47.50
145.48 47.50
145.48 47.50
145.46 47.49
145.44 47.48
145.43 47.48
145.42 47.47
145.40 47.46
145.39 47.46
145.38 47.45
145.37 47.44
145.36 47.44
145.34 47.42
145.34 47.42
145.32 47.40
145.32 47.40
145.30 47.38
145.30 47.38
145.29 47.36
145.28 47.35
145.27 47.34
145.26 47.33
145.26 47.32
145.24 47.30
145.24 47.30
145.23 47.28
145.22 47.27
145.21 47.26
145.20 47.24
145.20 47.24
145.19 47.22
145.18 47.21
145.17 47.20
145.16 47.19
145.15 47.18
145.14 47.17
145.13 47.16
145.12 47.15
145.12 47.14
145.10 47.13
145.09 47.12
145.08 47.11
145.07 47.10
145.06 47.09
145.05 47.08
145.04 47.07
145.02 47.06
145.02 47.06
145.00 47.04
145.00 47.04
144.98 47.03
144.97 47.02
144.96 47.01
144.94 47.00
144.94 47.00
144.92 46.99
144.91 46.98
144.90 46.97
144.88 46.96
144.88 46.96
144.86 46.94
144.86 46.94
144.84 46.93
144.83 46.92
144.82 46.91
144.80 46.90
144.80 46.90
144.78 46.88
144.78 46.88
144.76 46.87
144.75 46.86
144.74 46.85
144.72 46.84
144.72 46.84
144.70 46.82
144.70 46.82
144.68 46.81
144.67 46.80
144.66 46.79
144.64 46.78
144.64 46.78
144.62 46.76
144.62 46.76
144.60 46.75
144.59 46.74
144.58 46.73
144.56 46.72
144.56 46.72
144.54 46.71
144.53 46.70
144.52 46.70
144.50 46.68
144.49 46.68
144.48 46.67
144.46 46.66
144.46 46.66
144.44 46.65
144.42 46.64
144.42 46.64
144.40 46.63
144.38 46.62
144.38 46.62
144.36 46.61
144.34 46.60
144.33 46.60
144.32 46.60
144.30 46.59
144.28 46.58
144.28 46.58
144.26 46.57
144.24 46.56
144.23 46.56
144.22 46.56
144.20 46.55
144.18 46.55
144.16 46.54
144.16 46.54
144.14 46.53
144.12 46.53
144.10 46.52
144.09 46.52
144.08 46.52
144.06 46.51
144.04 46.51
144.02 46.51
144.00 46.50
143.98 46.50
143.98 46.50
143.96 46.50
143.94 46.49
143.92 46.49
143.90 46.49
143.88 46.49
143.86 46.49
143.84 46.49
143.82 46.48
143.80 46.48
143.78 46.48
143.76 46.48
143.74 46.48
143.72 46.48
143.70 46.48
143.68 46.48
143.66 46.48
143.64 46.48
143.62 46.48
143.60 46.48
143.58 46.48
143.56 46.48
143.54 46.48
143.52 46.48
143.50 46.49
143.48 46.49
143.46 46.49
143.44 46.49
143.42 46.49
143.40 46.49
143.38 46.50
143.36 46.50
143.34 46.50
143.34 46.50
143.32 46.50
143.30 46.51
143.28 46.51
143.26 46.51
143.24 46.51
143.22 46.52
143.20 46.52
143.20 46.52
143.18 46.52
143.16 46.52
143.14 46.53
143.12 46.53
143.10 46.53
143.08 46.54
143.06 46.54
143.04 46.54
143.04 46.54
143.02 46.54
143.00 46.54
142.98 46.55
142.96 46.55
142.94 46.55
142.92 46.55
142.90 46.56
142.88 46.56
142.86 46.56
142.86 46.56
142.84 46.56
142.82 46.57
142.80 46.57
142.78 46.57
142.76 46.57
142.74 46.58
142.72 46.58
142.71 46.58
142.70 46.58
142.68 46.58
142.66 46.59
142.64 46.59
142.62 46.59
142.60 46.59
142.58 46.59
142.56 46.60
142.54 46.60
142.52 46.60
142.51 46.60
142.50 46.60
142.48 46.60
142.46 46.60
142.44 46.60
142.42 46.60
142.40 46.60
142.38 46.60
142.36 46.60
142.34 46.60
142.32 46.60
142.31 46.60
142.30 46.60
142.28 46.60
142.26 46.60
142.24 46.60
142.22 46.59
142.20 46.59
142.18 46.59
142.16 46.59
142.14 46.59
142.12 46.59
142.10 46.58
142.08 46.58
142.06 46.58
142.05 46.58
142.04 46.58
142.02 46.58
142.00 46.58
141.98 46.57
141.96 46.57
141.94 46.57
141.92 46.57
141.90 46.57
141.88 46.57
141.86 46.56
141.84 46.56
141.83 46.56
141.82 46.56
141.80 46.56
141.78 46.55
141.76 46.55
141.74 46.55
141.72 46.55
141.70 46.54
141.68 46.54
141.67 46.54
141.66 46.54
141.64 46.54
141.62 46.53
141.60 46.53
141.58 46.53
141.56 46.53
141.54 46.53
141.52 46.52
141.50 46.52
141.48 46.52
141.48 46.52
141.46 46.52
141.44 46.52
141.42 46.52
141.40 46.51
141.38 46.51
141.36 46.51
141.34 46.51
141.32 46.51
141.30 46.51
141.28 46.51
141.26 46.51
141.24 46.51
141.22 46.51
141.20 46.51
141.18 46.51
141.16 46.51
141.14 46.50
141.12 46.50
141.10 46.50
141.08 46.50
141.06 46.50
141.04 46.50
141.02 46.50
141.00 46.50
140.98 46.50
140.96 46.50
140.94 46.50
140.92 46.50
140.90 46.50
140.90 46.50
140.88 46.50
140.86 46.50
140.84 46.50
140.82 46.50
140.80 46.50
140.78 46.50
140.76 46.50
140.74 46.50
140.72 46.50
140.70 46.50
140.68 46.50
140.66 46.50
140.64 46.50
140.62 46.50
140.60 46.50
140.58 46.50
140.57 46.50
140.56 46.50
140.54 46.50
140.52 46.50
140.50 46.50
140.48 46.50
140.46 46.50
140.44 46.50
140.42 46.50
140.40 46.50
140.38 46.50
140.36 46.50
140.34 46.50
140.32 46.50
140.30 46.50
140.28 46.50
140.26 46.50
140.24 46.50
140.22 46.50
140.20 46.50
140.18 46.50
140.16 46.50
140.14 46.50
140.12 46.50
140.10 46.50
140.08 46.50
140.06 46.50
140.04 46.50
140.02 46.50
140.00 46.50
139.98 46.50
139.98 46.50
139.96 46.50
139.94 46.50
139.92 46.50
139.90 46.50
139.88 46.50
139.86 46.50
139.84 46.50
139.82 46.50
139.80 46.50
139.78 46.50
139.76 46.50
139.74 46.50
139.72 46.49
139.70 46.49
139.68 46.49
139.66 46.49
139.64 46.49
139.62 46.49
139.60 46.49
139.58 46.49
139.56 46.49
139.54 46.49
139.52 46.49
139.50 46.49
139.48 46.49
139.46 46.49
139.44 46.49
139.42 46.48
139.40 46.48
139.38 46.48
139.36 46.48
139.34 46.48
139.32 46.48
139.30 46.48
139.28 46.48
139.28 46.48
139.26 46.48
139.24 46.48
139.22 46.48
139.20 46.48
139.18 46.48
139.16 46.48
139.14 46.47
139.12 46.47
139.10 46.47
139.08 46.47
139.06 46.47
139.04 46.47
139.02 46.47
139.00 46.47
138.98 46.47
138.96 46.46
138.94 46.46
138.92 46.46
138.90 46.46
138.89 46.46
138.88 46.46
138.86 46.46
138.84 46.46
138.82 46.45
138.80 46.45
138.78 46.45
138.76 46.45
138.74 46.45
138.72 46.45
138.70 46.45
138.68 46.44
138.66 46.44
138.64 46.44
138.63 46.44
138.62 46.44
138.60 46.44
138.58 46.43
138.56 46.43
138.54 46.43
138.52 46.43
138.50 46.43
138.48 46.42
138.46 46.42
138.46 46.42
138.44 46.42
138.42 46.41
138.40 46.41
138.38 46.41
138.36 46.41
138.34 46.40
138.32 46.40
138.32 46.40
138.30 46.40
138.28 46.39
138.26 46.39
138.24 46.39
138.22 46.38
138.20 46.38
138.20 46.38
138.18 46.38
138.16 46.37
138.14 46.37
138.12 46.36
138.10 46.36
138.10 46.36
138.08 46.36
138.06 46.35
138.04 46.35
138.02 46.34
138.01 46.34
138.00 46.34
137.98 46.33
137.96 46.33
137.94 46.32
137.93 46.32
137.92 46.32
137.90 46.31
137.88 46.31
137.86 46.30
137.85 46.30
137.84 46.30
137.82 46.29
137.80 46.29
137.78 46.28
137.78 46.28
137.76 46.27
137.74 46.27
137.72 46.26
137.72 46.26
137.70 46.25
137.68 46.25
137.66 46.24
137.66 46.24
137.64 46.23
137.62 46.23
137.60 46.22
137.60 46.22
137.58 46.21
137.56 46.21
137.55 46.20
137.54 46.20
137.52 46.19
137.50 46.18
137.49 46.18
137.48 46.18
137.46 46.17
137.44 46.16
137.44 46.16
137.42 46.15
137.40 46.14
137.40 46.14
137.38 46.13
137.36 46.12
137.35 46.12
137.34 46.12
137.32 46.11
137.31 46.10
137.30 46.10
137.28 46.09
137.27 46.08
137.26 46.08
137.24 46.07
137.23 46.06
137.22 46.06
137.20 46.05
137.19 46.04
137.18 46.04
137.16 46.03
137.15 46.02
137.14 46.02
137.12 46.00
137.11 46.00
137.10 45.99
137.08 45.98
137.08 45.98
137.06 45.97
137.04 45.96
137.04 45.96
137.02 45.95
137.01 45.94
137.00 45.94
136.98 45.92
136.98 45.92
136.96 45.91
136.94 45.90
136.94 45.90
136.92 45.89
136.91 45.88
136.90 45.87
136.88 45.86
136.88 45.86
136.86 45.85
136.85 45.84
136.84 45.83
136.82 45.82
136.82 45.82
136.80 45.80
136.79 45.80
136.78 45.79
136.77 45.78
136.76 45.78
136.74 45.76
136.74 45.76
136.72 45.75
136.71 45.74
136.70 45.73
136.69 45.72
136.68 45.71
136.66 45.70
136.66 45.70
136.64 45.68
136.64 45.68
136.62 45.67
136.61 45.66
136.60 45.65
136.59 45.64
136.58 45.63
136.57 45.62
136.56 45.62
136.54 45.60
136.54 45.60
136.52 45.58
136.52 45.58
136.50 45.56
136.50 45.56
136.48 45.54
136.48 45.54
136.46 45.52
136.46 45.52
136.44 45.50
136.44 45.50
136.42 45.48
136.42 45.48
136.40 45.46
136.40 45.46
136.38 45.44
136.38 45.44
136.36 45.42
136.36 45.42
136.34 45.40
136.34 45.40
136.32 45.38
136.32 45.38
136.30 45.36
136.30 45.36
136.28 45.34
136.28 45.33
136.27 45.32
136.26 45.31
136.25 45.30
136.24 45.29
136.23 45.28
136.22 45.26
136.22 45.26
136.20 45.24
136.20 45.24
136.19 45.22
136.18 45.21
136.17 45.20
136.16 45.19
136.16 45.18
136.14 45.16
136.14 45.16
136.13 45.14
136.12 45.13
136.11 45.12
136.10 45.10
136.10 45.10
136.08 45.08
136.08 45.07
136.07 45.06
136.06 45.04
136.06 45.04
136.05 45.02
136.04 45.01
136.03 45.00
136.02 44.98
136.02 44.98
136.01 44.96
136.00 44.94
136.00 44.94
135.99 44.92
135.98 44.91
135.98 44.90
135.96 44.88
135.96 44.87
135.95 44.86
135.94 44.84
135.94 44.83
135.93 44.82
135.92 44.80
135.92 44.79
135.91 44.78
135.91 44.76
135.90 44.75
135.90 44.74
135.89 44.72
135.88 44.70
135.88 44.70
135.87 44.68
135.86 44.66
135.86 44.65
135.86 44.64
135.85 44.62
135.84 44.60
135.84 44.60
135.83 44.58
135.83 44.56
135.82 44.54
135.82 44.54
135.81 44.52
135.81 44.50
135.80 44.48
135.80 44.47
135.80 44.46
135.79 44.44
135.79 44.42
135.78 44.40
135.78 44.40
135.78 44.38
135.77 44.36
135.77 44.34
135.76 44.32
135.76 44.30
135.76 44.30
135.76 44.28
135.75 44.26
135.75 44.24
135.75 44.22
135.75 44.20
135.74 44.18
135.74 44.16
135.74 44.15
135.74 44.14
135.74 44.12
135.74 44.10
135.73 44.08
135.73 44.06
135.73 44.04
135.73 44.02
135.73 44.00
135.73 43.98
135.73 43.96
135.73 43.94
135.73 43.92
135.73 43.90
135.73 43.88
135.73 43.86
135.73 43.84
135.73 43.82
135.73 43.80
135.73 43.78
135.74 43.76
135.74 43.74
135.74 43.72
135.74 43.72
135.74 43.70
135.74 43.68
135.75 43.66
135.75 43.64
135.75 43.62
135.75 43.60
135.76 43.58
135.76 43.56
135.76 43.56
135.76 43.54
135.77 43.52
135.77 43.50
135.77 43.48
135.77 43.46
135.78 43.44
135.78 43.42
135.78 43.42
135.78 43.40
135.79 43.38
135.79 43.36
135.80 43.34
135.80 43.32
135.80 43.32
135.81 43.30
135.81 43.28
135.81 43.26
135.82 43.24
135.82 43.23
135.82 43.22
135.83 43.20
135.83 43.18
135.84 43.16
135.84 43.15
135.84 43.14
135.85 43.12
135.85 43.10
135.86 43.08
135.86 43.06
135.86 43.06
135.86 43.04
135.87 43.02
135.87 43.00
135.88 42.98
135.88 42.97
135.88 42.96
135.89 42.94
135.89 42.92
135.89 42.90
135.90 42.88
135.90 42.87
135.90 42.86
135.91 42.84
135.91 42.82
135.91 42.80
135.92 42.78
135.92 42.77
135.92 42.76
135.93 42.74
135.93 42.72
135.93 42.70
135.94 42.68
135.94 42.67
135.94 42.66
135.95 42.64
135.95 42.62
135.95 42.60
135.95 42.58
135.96 42.56
135.96 42.54
135.96 42.54
135.96 42.52
135.96 42.50
135.97 42.48
135.97 42.46
135.97 42.44
135.97 42.42
135.97 42.40
135.97 42.38
135.97 42.36
135.97 42.34
135.97 42.32
135.97 42.30
135.97 42.28
135.97 42.26
135.97 42.24
135.97 42.22
135.97 42.20
135.97 42.18
135.97 42.16
135.97 42.14
135.97 42.12
135.97 42.10
135.96 42.08
135.96 42.06
135.96 42.04
135.96 42.03
135.96 42.02
135.96 42.00
135.96 41.98
135.95 41.96
135.95 41.94
135.95 41.92
135.95 41.90
135.94 41.88
135.94 41.86
135.94 41.86
135.94 41.84
135.93 41.82
135.93 41.80
135.93 41.78
135.92 41.76
135.92 41.74
135.92 41.73
135.92 41.72
135.91 41.70
135.91 41.68
135.91 41.66
135.90 41.64
135.90 41.63
135.90 41.62
135.89 41.60
135.89 41.58
135.89 41.56
135.88 41.54
135.88 41.53
135.88 41.52
135.87 41.50
135.87 41.48
135.87 41.46
135.86 41.44
135.86 41.43
135.86 41.42
135.85 41.40
135.85 41.38
135.84 41.36
135.84 41.34
135.84 41.34
135.83 41.32
135.83 41.30
135.82 41.28
135.82 41.26
135.82 41.26
135.81 41.24
135.81 41.22
135.80 41.20
135.80 41.19
135.80 41.18
135.79 41.16
135.79 41.14
135.78 41.12
135.78 41.11
135.78 41.10
135.77 41.08
135.77 41.06
135.76 41.04
135.76 41.04
135.75 41.02
135.75 41.00
135.74 40.98
135.74 40.97
135.74 40.96
135.73 40.94
135.72 40.92
135.72 40.91
135.72 40.90
135.71 40.88
135.71 40.86
135.70 40.84
135.70 40.84
135.69 40.82
135.69 40.80
135.68 40.78
135.68 40.78
135.67 40.76
135.67 40.74
135.66 40.72
135.66 40.72
135.65 40.70
135.65 40.68
135.64 40.66
135.64 40.66
135.63 40.64
135.63 40.62
135.62 40.61
135.62 40.60
135.61 40.58
135.60 40.56
135.60 40.55
135.60 40.54
135.59 40.52
135.58 40.50
135.58 40.50
135.57 40.48
135.57 40.46
135.56 40.44
135.56 40.44
135.55 40.42
135.54 40.40
135.54 40.39
135.54 40.38
135.53 40.36
135.52 40.34
135.52 40.34
135.51 40.32
135.50 40.30
135.50 40.29
135.50 40.28
135.49 40.26
135.48 40.24
135.48 40.24
135.47 40.22
135.46 40.20
135.46 40.20
135.45 40.18
135.44 40.16
135.44 40.15
135.44 40.14
135.43 40.12
135.42 40.10
135.42 40.10
135.41 40.08
135.40 40.06
135.40 40.06
135.39 40.04
135.38 40.02
135.38 40.01
135.37 40.00
135.36 39.98
135.36 39.97
135.36 39.96
135.35 39.94
135.34 39.93
135.34 39.92
135.33 39.90
135.32 39.88
135.32 39.88
135.31 39.86
135.30 39.84
135.30 39.84
135.29 39.82
135.28 39.80
135.28 39.80
135.27 39.78
135.26 39.76
135.26 39.76
135.25 39.74
135.24 39.72
135.24 39.71
135.23 39.70
135.22 39.68
135.22 39.67
135.21 39.66
135.20 39.64
135.20 39.63
135.19 39.62
135.19 39.60
135.18 39.59
135.18 39.58
135.17 39.56
135.16 39.55
135.16 39.54
135.15 39.52
135.14 39.50
135.14 39.50
135.13 39.48
135.12 39.46
135.12 39.46
135.11 39.44
135.10 39.42
135.10 39.42
135.09 39.40
135.08 39.38
135.08 39.37
135.07 39.36
135.06 39.34
135.06 39.33
135.05 39.32
135.05 39.30
135.04 39.29
135.04 39.28
135.03 39.26
135.02 39.25
135.02 39.24
135.01 39.22
135.00 39.20
142.5550 35.9430
