-67.44 -45.00
-67.44 -44.98
-67.44 -44.96
-67.44 -44.96
-67.44 -44.94
-67.44 -44.92
-67.45 -44.90
-67.45 -44.88
-67.45 -44.86
-67.45 -44.84
-67.46 -44.82
-67.46 -44.80
-67.46 -44.80
-67.46 -44.78
-67.47 -44.76
-67.47 -44.74
-67.47 -44.72
-67.48 -44.70
-67.48 -44.69
-67.48 -44.68
-67.49 -44.66
-67.49 -44.64
-67.49 -44.62
-67.5 -44.60
-67.5 -44.60
-67.5 -44.58
-67.51 -44.56
-67.51 -44.54
-67.52 -44.52
-67.52 -44.51
-67.52 -44.50
-67.53 -44.48
-67.53 -44.46
-67.54 -44.44
-67.54 -44.43
-67.54 -44.42
-67.55 -44.40
-67.55 -44.38
-67.56 -44.36
-67.56 -44.35
-67.56 -44.34
-67.57 -44.32
-67.57 -44.30
-67.58 -44.28
-67.58 -44.26
-67.58 -44.26
-67.59 -44.24
-67.59 -44.22
-67.6 -44.20
-67.6 -44.18
-67.6 -44.18
-67.6 -44.16
-67.61 -44.14
-67.61 -44.12
-67.62 -44.10
-67.62 -44.09
-67.62 -44.08
-67.63 -44.06
-67.63 -44.04
-67.63 -44.02
-67.64 -44.00
-67.64 -43.98
-67.64 -43.98
-67.64 -43.96
-67.65 -43.94
-67.65 -43.92
-67.65 -43.90
-67.66 -43.88
-67.66 -43.87
-67.66 -43.86
-67.66 -43.84
-67.67 -43.82
-67.67 -43.80
-67.68 -43.78
-67.68 -43.76
-67.68 -43.75
-67.68 -43.74
-67.69 -43.72
-67.69 -43.70
-67.69 -43.68
-67.7 -43.66
-67.7 -43.64
-67.7 -43.64
-67.7 -43.62
-67.71 -43.60
-67.71 -43.58
-67.71 -43.56
-67.72 -43.54
-67.72 -43.52
-67.72 -43.52
-67.72 -43.50
-67.73 -43.48
-67.73 -43.46
-67.73 -43.44
-67.74 -43.42
-67.74 -43.40
-67.74 -43.39
-67.74 -43.38
-67.74 -43.36
-67.75 -43.34
-67.75 -43.32
-67.75 -43.30
-67.76 -43.28
-67.76 -43.26
-67.76 -43.25
-67.76 -43.24
-67.76 -43.22
-67.77 -43.20
-67.77 -43.18
-67.77 -43.16
-67.78 -43.14
-67.78 -43.12
-67.78 -43.10
-67.78 -43.10
-67.78 -43.08
-67.78 -43.06
-67.79 -43.04
-67.79 -43.02
-67.79 -43.00
-67.79 -42.98
-67.8 -42.96
-67.8 -42.94
-67.8 -42.92
-67.8 -42.92
-67.8 -42.90
-67.8 -42.88
-67.81 -42.86
-67.81 -42.84
-67.81 -42.82
-67.81 -42.80
-67.81 -42.78
-67.81 -42.76
-67.82 -42.74
-67.82 -42.72
-67.82 -42.70
-67.82 -42.70
-67.82 -42.68
-67.82 -42.66
-67.82 -42.64
-67.83 -42.62
-67.83 -42.60
-67.83 -42.58
-67.83 -42.56
-67.83 -42.54
-67.83 -42.52
-67.83 -42.50
-67.84 -42.48
-67.84 -42.46
-67.84 -42.44
-67.84 -42.42
-67.84 -42.40
-67.84 -42.40
-67.84 -42.38
-67.84 -42.36
-67.84 -42.34
-67.84 -42.32
-67.84 -42.30
-67.84 -42.28
-67.85 -42.26
-67.85 -42.24
-67.85 -42.22
-67.85 -42.20
-67.85 -42.18
-67.85 -42.16
-67.85 -42.14
-67.85 -42.12
-67.85 -42.10
-67.85 -42.08
-67.85 -42.06
-67.85 -42.04
-67.85 -42.02
-67.85 -42.00
-67.85 -41.98
-67.84 -41.96
-67.84 -41.94
-67.84 -41.92
-67.84 -41.90
-67.84 -41.88
-67.84 -41.86
-67.84 -41.84
-67.84 -41.83
-67.84 -41.82
-67.84 -41.80
-67.84 -41.78
-67.84 -41.76
-67.84 -41.74
-67.83 -41.72
-67.83 -41.70
-67.83 -41.68
-67.83 -41.66
-67.83 -41.64
-67.83 -41.62
-67.83 -41.60
-67.82 -41.58
-67.82 -41.56
-67.82 -41.54
-67.82 -41.54
-67.82 -41.52
-67.82 -41.50
-67.81 -41.48
-67.81 -41.46
-67.81 -41.44
-67.81 -41.42
-67.81 -41.40
-67.8 -41.38
-67.8 -41.36
-67.8 -41.35
-67.8 -41.34
-67.8 -41.32
-67.79 -41.30
-67.79 -41.28
-67.79 -41.26
-67.79 -41.24
-67.78 -41.22
-67.78 -41.20
-67.78 -41.18
-67.78 -41.18
-67.78 -41.16
-67.77 -41.14
-67.77 -41.12
-67.77 -41.10
-67.77 -41.08
-67.76 -41.06
-67.76 -41.04
-67.76 -41.04
-67.76 -41.02
-67.75 -41.00
-67.75 -40.98
-67.75 -40.96
-67.74 -40.94
-67.74 -40.92
-67.74 -40.92
-67.74 -40.90
-67.73 -40.88
-67.73 -40.86
-67.73 -40.84
-67.72 -40.82
-67.72 -40.81
-67.72 -40.80
-67.71 -40.78
-67.71 -40.76
-67.71 -40.74
-67.7 -40.72
-67.7 -40.71
-67.7 -40.70
-67.69 -40.68
-67.69 -40.66
-67.69 -40.64
-67.68 -40.62
-67.68 -40.61
-67.68 -40.60
-67.67 -40.58
-67.67 -40.56
-67.67 -40.54
-67.66 -40.52
-67.66 -40.52
-67.66 -40.50
-67.65 -40.48
-67.65 -40.46
-67.64 -40.44
-67.64 -40.42
-67.64 -40.42
-67.64 -40.40
-67.63 -40.38
-67.63 -40.36
-67.62 -40.34
-67.62 -40.33
-67.62 -40.32
-67.61 -40.30
-67.61 -40.28
-67.61 -40.26
-67.6 -40.24
-67.6 -40.24
-67.6 -40.22
-67.59 -40.20
-67.59 -40.18
-67.58 -40.16
-67.58 -40.14
-67.58 -40.14
-67.58 -40.12
-67.57 -40.10
-67.57 -40.08
-67.56 -40.06
-67.56 -40.04
-67.56 -40.04
-67.56 -40.02
-67.55 -40.00
-67.55 -39.98
-67.54 -39.96
-67.54 -39.94
-67.54 -39.94
-67.54 -39.92
-67.53 -39.90
-67.53 -39.88
-67.52 -39.86
-67.52 -39.84
-67.52 -39.84
-67.52 -39.82
-67.51 -39.80
-67.51 -39.78
-67.5 -39.76
-67.5 -39.74
-67.5 -39.74
-67.5 -39.72
-67.49 -39.70
-67.49 -39.68
-67.48 -39.66
-67.48 -39.64
-67.48 -39.64
-67.48 -39.62
-67.47 -39.60
-67.47 -39.58
-67.46 -39.56
-67.46 -39.55
-67.46 -39.54
-67.45 -39.52
-67.45 -39.50
-67.45 -39.48
-67.44 -39.46
-67.44 -39.45
-67.44 -39.44
-67.43 -39.42
-67.43 -39.40
-67.43 -39.38
-67.42 -39.36
-67.42 -39.35
-67.42 -39.34
-67.41 -39.32
-67.41 -39.30
-67.41 -39.28
-67.4 -39.26
-67.4 -39.25
-67.4 -39.24
-67.39 -39.22
-67.39 -39.20
-67.39 -39.18
-67.38 -39.16
-67.38 -39.15
-67.38 -39.14
-67.37 -39.12
-67.37 -39.10
-67.37 -39.08
-67.36 -39.06
-67.36 -39.05
-67.36 -39.04
-67.35 -39.02
-67.35 -39.00
-67.35 -38.98
-67.34 -38.96
-67.34 -38.95
-67.34 -38.94
-67.33 -38.92
-67.33 -38.90
-67.33 -38.88
-67.32 -38.86
-67.32 -38.84
-67.32 -38.84
-67.32 -38.82
-67.31 -38.80
-67.31 -38.78
-67.31 -38.76
-67.3 -38.74
-67.3 -38.73
-67.3 -38.72
-67.3 -38.70
-67.29 -38.68
-67.29 -38.66
-67.28 -38.64
-67.28 -38.62
-67.28 -38.62
-67.28 -38.60
-67.27 -38.58
-67.27 -38.56
-67.27 -38.54
-67.26 -38.52
-67.26 -38.51
-67.26 -38.50
-67.25 -38.48
-67.25 -38.46
-67.25 -38.44
-67.24 -38.42
-67.24 -38.41
-67.24 -38.40
-67.23 -38.38
-67.23 -38.36
-67.22 -38.34
-67.22 -38.32
-67.22 -38.32
-67.22 -38.30
-67.21 -38.28
-67.21 -38.26
-67.2 -38.24
-67.2 -38.24
-67.19 -38.22
-67.19 -38.20
-67.18 -38.18
-67.18 -38.17
-67.18 -38.16
-67.17 -38.14
-67.17 -38.12
-67.16 -38.10
-67.16 -38.10
-67.15 -38.08
-67.15 -38.06
-67.14 -38.04
-67.14 -38.04
-67.13 -38.02
-67.13 -38.00
-67.12 -37.98
-67.12 -37.98
-67.11 -37.96
-67.1 -37.94
-67.1 -37.93
-67.1 -37.92
-67.09 -37.90
-67.08 -37.88
-67.08 -37.87
-67.07 -37.86
-67.07 -37.84
-67.06 -37.82
-67.06 -37.82
-67.05 -37.80
-67.04 -37.78
-67.04 -37.77
-67.03 -37.76
-67.03 -37.74
-67.02 -37.73
-67.02 -37.72
-67.01 -37.70
-67 -37.68
-67 -37.68
-66.99 -37.66
-66.98 -37.64
-66.98 -37.64
-66.97 -37.62
-66.96 -37.60
-66.96 -37.59
-66.95 -37.58
-66.94 -37.56
-66.94 -37.55
-66.93 -37.54
-66.92 -37.52
-66.92 -37.52
-66.91 -37.50
-66.9 -37.48
-66.9 -37.48
-66.89 -37.46
-66.88 -37.44
-66.88 -37.44
-66.87 -37.42
-66.86 -37.41
-66.85 -37.40
-66.84 -37.38
-66.84 -37.38
-66.83 -37.36
-66.82 -37.34
-66.82 -37.34
-66.8 -37.32
-66.8 -37.31
-66.79 -37.30
-66.78 -37.28
-66.78 -37.28
-66.76 -37.26
-66.76 -37.26
-66.75 -37.24
-66.74 -37.23
-66.73 -37.22
-66.72 -37.20
-66.72 -37.20
-66.7 -37.18
-66.7 -37.18
-66.69 -37.16
-66.68 -37.15
-66.67 -37.14
-66.66 -37.13
-66.65 -37.12
-66.64 -37.11
-66.64 -37.10
-66.62 -37.08
-66.62 -37.08
-66.6 -37.06
-66.6 -37.06
-66.58 -37.04
-66.58 -37.04
-66.56 -37.02
-66.56 -37.02
-66.54 -37.00
-66.54 -37.00
-66.52 -36.98
-66.52 -36.98
-66.5 -36.96
-66.5 -36.96
-66.48 -36.94
-66.48 -36.94
-66.46 -36.92
-66.46 -36.92
-66.44 -36.90
-66.44 -36.90
-66.42 -36.89
-66.41 -36.88
-66.4 -36.87
-66.39 -36.86
-66.38 -36.85
-66.37 -36.84
-66.36 -36.83
-66.34 -36.82
-66.34 -36.82
-66.32 -36.80
-66.32 -36.80
-66.3 -36.78
-66.3 -36.78
-66.28 -36.77
-66.27 -36.76
-66.26 -36.75
-66.25 -36.74
-66.24 -36.74
-66.22 -36.72
-66.22 -36.72
-66.2 -36.71
-66.19 -36.70
-66.18 -36.69
-66.17 -36.68
-66.16 -36.67
-66.14 -36.66
-66.14 -36.66
-66.12 -36.65
-66.11 -36.64
-66.1 -36.63
-66.09 -36.62
-66.08 -36.62
-66.06 -36.60
-66.06 -36.60
-66.04 -36.59
-66.03 -36.58
-66.02 -36.57
-66 -36.56
-66 -36.56
-65.98 -36.54
-65.97 -36.54
-65.96 -36.53
-65.94 -36.52
-65.94 -36.52
-65.92 -36.50
-65.91 -36.50
-65.9 -36.49
-65.88 -36.48
-65.88 -36.48
-65.86 -36.47
-65.85 -36.46
-65.84 -36.45
-65.82 -36.44
-65.82 -36.44
-65.8 -36.43
-65.79 -36.42
-65.78 -36.42
-65.76 -36.40
-65.75 -36.40
-65.74 -36.39
-65.72 -36.38
-65.72 -36.38
-65.7 -36.37
-65.69 -36.36
-65.68 -36.36
-65.66 -36.35
-65.65 -36.34
-65.64 -36.33
-65.62 -36.32
-65.62 -36.32
-65.6 -36.31
-65.58 -36.30
-65.58 -36.30
-65.56 -36.29
-65.54 -36.28
-65.54 -36.28
-65.52 -36.27
-65.51 -36.26
-65.5 -36.26
-65.48 -36.25
-65.47 -36.24
-65.46 -36.24
-65.44 -36.23
-65.43 -36.22
-65.42 -36.21
-65.4 -36.20
-65.39 -36.20
-65.38 -36.19
-65.36 -36.18
-65.35 -36.18
-65.34 -36.17
-65.32 -36.16
-65.31 -36.16
-65.3 -36.15
-65.28 -36.14
-65.27 -36.14
-65.26 -36.13
-65.24 -36.12
-65.24 -36.12
-65.22 -36.11
-65.2 -36.10
-65.2 -36.10
-65.18 -36.09
-65.16 -36.08
-65.16 -36.08
-65.14 -36.07
-65.12 -36.06
-65.12 -36.06
-65.1 -36.05
-65.08 -36.04
-65.08 -36.04
-65.06 -36.03
-65.04 -36.02
-65.04 -36.02
-65.02 -36.01
-65 -36.00
-65 -36.00
-64.98 -35.99
-64.96 -35.98
-64.96 -35.98
-64.94 -35.97
-64.93 -35.96
-64.92 -35.96
-64.9 -35.95
-64.89 -35.94
-64.88 -35.94
-64.86 -35.93
-64.85 -35.92
-64.84 -35.92
-64.82 -35.91
-64.81 -35.90
-64.8 -35.90
-64.78 -35.89
-64.77 -35.88
-64.76 -35.88
-64.74 -35.87
-64.73 -35.86
-64.72 -35.86
-64.7 -35.85
-64.69 -35.84
-64.68 -35.84
-64.66 -35.83
-64.65 -35.82
-64.64 -35.82
-64.62 -35.81
-64.61 -35.80
-64.6 -35.80
-64.58 -35.79
-64.57 -35.78
-64.56 -35.78
-64.54 -35.76
-64.53 -35.76
-64.52 -35.75
-64.5 -35.74
-64.49 -35.74
-64.48 -35.73
-64.46 -35.72
-64.45 -35.72
-64.44 -35.71
-64.42 -35.70
-64.41 -35.70
-64.4 -35.69
-64.38 -35.68
-64.37 -35.68
-64.36 -35.67
-64.34 -35.66
-64.33 -35.66
-64.32 -35.65
-64.3 -35.64
-64.3 -35.64
-64.28 -35.63
-64.26 -35.62
-64.26 -35.62
-64.24 -35.61
-64.22 -35.60
-64.22 -35.60
-64.2 -35.59
-64.18 -35.58
-64.18 -35.58
-64.16 -35.57
-64.14 -35.56
-64.14 -35.56
-64.12 -35.55
-64.11 -35.54
-64.1 -35.54
-64.08 -35.53
-64.07 -35.52
-64.06 -35.52
-64.04 -35.50
-64.03 -35.50
-64.02 -35.49
-64 -35.48
-64 -35.48
-63.98 -35.47
-63.96 -35.46
-63.96 -35.46
-63.94 -35.45
-63.92 -35.44
-63.92 -35.44
-63.9 -35.43
-63.89 -35.42
-63.88 -35.42
-63.86 -35.40
-63.85 -35.40
-63.84 -35.39
-63.82 -35.38
-63.82 -35.38
-63.8 -35.37
-63.78 -35.36
-63.78 -35.36
-63.76 -35.35
-63.75 -35.34
-63.74 -35.34
-63.72 -35.33
-63.71 -35.32
-63.7 -35.31
-63.68 -35.30
-63.68 -35.30
-63.66 -35.29
-63.64 -35.28
-63.64 -35.28
-63.62 -35.27
-63.61 -35.26
-63.6 -35.26
-63.58 -35.24
-63.57 -35.24
-63.56 -35.23
-63.54 -35.22
-63.54 -35.22
-63.52 -35.21
-63.51 -35.20
-63.5 -35.20
-63.48 -35.18
-63.47 -35.18
-63.46 -35.17
-63.44 -35.16
-63.44 -35.16
-63.42 -35.15
-63.41 -35.14
-63.4 -35.14
-63.38 -35.12
-63.37 -35.12
-63.36 -35.11
-63.34 -35.10
-63.34 -35.10
-63.32 -35.09
-63.31 -35.08
-63.3 -35.07
-63.28 -35.06
-63.28 -35.06
-63.26 -35.05
-63.24 -35.04
-63.24 -35.04
-63.22 -35.02
-63.21 -35.02
-63.2 -35.01
-63.18 -35.00
-63.18 -35.00
-63.16 -34.99
-63.15 -34.98
-63.14 -34.97
-63.12 -34.96
-63.12 -34.96
-63.1 -34.95
-63.09 -34.94
-63.08 -34.93
-63.06 -34.92
-63.06 -34.92
-63.04 -34.91
-63.03 -34.90
-63.02 -34.90
-63 -34.88
-63 -34.88
-62.98 -34.87
-62.97 -34.86
-62.96 -34.86
-62.94 -34.84
-62.94 -34.84
-62.92 -34.83
-62.9 -34.82
-62.9 -34.82
-62.88 -34.80
-62.87 -34.80
-62.86 -34.79
-62.84 -34.78
-62.84 -34.78
-62.82 -34.76
-62.81 -34.76
-62.8 -34.75
-62.78 -34.74
-62.78 -34.74
-62.76 -34.72
-62.76 -34.72
-62.74 -34.71
-62.73 -34.70
-62.72 -34.70
-62.7 -34.68
-62.7 -34.68
-62.68 -34.67
-62.67 -34.66
-62.66 -34.66
-62.64 -34.64
-62.64 -34.64
-62.62 -34.63
-62.61 -34.62
-62.6 -34.61
-62.58 -34.60
-62.58 -34.60
-62.56 -34.59
-62.55 -34.58
-62.54 -34.57
-62.52 -34.56
-62.52 -34.56
-62.5 -34.54
-62.49 -34.54
-62.48 -34.53
-62.47 -34.52
-62.46 -34.52
-62.44 -34.50
-62.44 -34.50
-62.42 -34.49
-62.41 -34.48
-62.4 -34.47
-62.38 -34.46
-62.38 -34.46
-62.36 -34.45
-62.35 -34.44
-62.34 -34.43
-62.32 -34.42
-62.32 -34.42
-62.3 -34.40
-62.3 -34.40
-62.28 -34.39
-62.27 -34.38
-62.26 -34.37
-62.24 -34.36
-62.24 -34.36
-62.22 -34.35
-62.21 -34.34
-62.2 -34.33
-62.18 -34.32
-62.18 -34.32
-62.16 -34.30
-62.16 -34.30
-62.14 -34.29
-62.13 -34.28
-62.12 -34.27
-62.1 -34.26
-62.1 -34.26
-62.08 -34.25
-62.07 -34.24
-62.06 -34.23
-62.04 -34.22
-62.04 -34.22
-62.02 -34.20
-62.02 -34.20
-62 -34.19
-62 -26.10
-62.01 -26.10
-62.02 -26.09
-62.04 -26.08
-62.04 -26.08
-62.06 -26.07
-62.07 -26.06
-62.08 -26.05
-62.1 -26.04
-62.1 -26.04
-62.12 -26.03
-62.13 -26.02
-62.14 -26.01
-62.16 -26.00
-62.16 -26.00
-62.18 -25.99
-62.19 -25.98
-62.2 -25.97
-62.22 -25.96
-62.22 -25.96
-62.24 -25.95
-62.25 -25.94
-62.26 -25.93
-62.28 -25.92
-62.28 -25.92
-62.3 -25.90
-62.31 -25.90
-62.32 -25.89
-62.33 -25.88
-62.34 -25.88
-62.36 -25.86
-62.36 -25.86
-62.38 -25.85
-62.39 -25.84
-62.4 -25.83
-62.42 -25.82
-62.42 -25.82
-62.44 -25.81
-62.45 -25.80
-62.46 -25.79
-62.47 -25.78
-62.48 -25.78
-62.5 -25.76
-62.5 -25.76
-62.52 -25.75
-62.53 -25.74
-62.54 -25.73
-62.56 -25.72
-62.56 -25.72
-62.58 -25.70
-62.58 -25.70
-62.6 -25.69
-62.61 -25.68
-62.62 -25.67
-62.64 -25.66
-62.64 -25.66
-62.66 -25.64
-62.67 -25.64
-62.68 -25.63
-62.69 -25.62
-62.7 -25.61
-62.72 -25.60
-62.72 -25.60
-62.74 -25.58
-62.75 -25.58
-62.76 -25.57
-62.77 -25.56
-62.78 -25.55
-62.8 -25.54
-62.8 -25.54
-62.82 -25.52
-62.83 -25.52
-62.84 -25.51
-62.85 -25.50
-62.86 -25.49
-62.88 -25.48
-62.88 -25.48
-62.9 -25.46
-62.9 -25.46
-62.92 -25.45
-62.93 -25.44
-62.94 -25.43
-62.96 -25.42
-62.96 -25.42
-62.98 -25.40
-62.98 -25.40
-63 -25.39
-63.01 -25.38
-63.02 -25.37
-63.03 -25.36
-63.04 -25.35
-63.06 -25.34
-63.06 -25.34
-63.08 -25.32
-63.08 -25.32
-63.1 -25.31
-63.11 -25.30
-63.12 -25.29
-63.13 -25.28
-63.14 -25.27
-63.16 -25.26
-63.16 -25.26
-63.18 -25.24
-63.18 -25.24
-63.2 -25.23
-63.21 -25.22
-63.22 -25.21
-63.23 -25.20
-63.24 -25.19
-63.26 -25.18
-63.26 -25.18
-63.28 -25.16
-63.28 -25.16
-63.3 -25.14
-63.3 -25.14
-63.32 -25.13
-63.33 -25.12
-63.34 -25.11
-63.35 -25.10
-63.36 -25.09
-63.38 -25.08
-63.38 -25.08
-63.4 -25.06
-63.4 -25.06
-63.42 -25.04
-63.42 -25.04
-63.44 -25.03
-63.45 -25.02
-63.46 -25.01
-63.47 -25.00
-63.48 -24.99
-63.5 -24.98
-63.5 -24.98
-63.52 -24.96
-63.52 -24.96
-63.54 -24.94
-63.54 -24.94
-63.56 -24.93
-63.57 -24.92
-63.58 -24.91
-63.59 -24.90
-63.6 -24.89
-63.62 -24.88
-63.62 -24.88
-63.64 -24.86
-63.64 -24.86
-63.66 -24.84
-63.67 -24.84
-63.68 -24.83
-63.69 -24.82
-63.7 -24.81
-63.71 -24.80
-63.72 -24.80
-63.74 -24.78
-63.74 -24.78
-63.76 -24.76
-63.76 -24.76
-63.78 -24.75
-63.79 -24.74
-63.8 -24.73
-63.81 -24.72
-63.82 -24.71
-63.84 -24.70
-63.84 -24.70
-63.86 -24.68
-63.86 -24.68
-63.88 -24.67
-63.89 -24.66
-63.9 -24.65
-63.91 -24.64
-63.92 -24.63
-63.94 -24.62
-63.94 -24.62
-63.96 -24.60
-63.96 -24.60
-63.98 -24.58
-63.99 -24.58
-64 -24.57
-64.01 -24.56
-64.02 -24.55
-64.04 -24.54
-64.04 -24.54
-64.06 -24.52
-64.06 -24.52
-64.08 -24.50
-64.08 -24.50
-64.1 -24.49
-64.11 -24.48
-64.12 -24.47
-64.13 -24.46
-64.14 -24.45
-64.16 -24.44
-64.16 -24.44
-64.18 -24.42
-64.18 -24.42
-64.2 -24.40
-64.21 -24.40
-64.22 -24.39
-64.23 -24.38
-64.24 -24.37
-64.25 -24.36
-64.26 -24.35
-64.28 -24.34
-64.28 -24.34
-64.3 -24.32
-64.3 -24.32
-64.32 -24.30
-64.32 -24.30
-64.34 -24.29
-64.35 -24.28
-64.36 -24.27
-64.37 -24.26
-64.38 -24.25
-64.4 -24.24
-64.4 -24.24
-64.42 -24.22
-64.42 -24.22
-64.44 -24.20
-64.44 -24.20
-64.46 -24.19
-64.47 -24.18
-64.48 -24.17
-64.49 -24.16
-64.5 -24.15
-64.52 -24.14
-64.52 -24.14
-64.54 -24.12
-64.54 -24.12
-64.56 -24.10
-64.56 -24.10
-64.58 -24.09
-64.59 -24.08
-64.6 -24.07
-64.61 -24.06
-64.62 -24.05
-64.63 -24.04
-64.64 -24.03
-64.66 -24.02
-64.66 -24.02
-64.68 -24.00
-64.68 -24.00
-64.7 -23.98
-64.7 -23.98
-64.72 -23.97
-64.73 -23.96
-64.74 -23.95
-64.75 -23.94
-64.76 -23.94
-64.78 -23.92
-64.78 -23.92
-64.8 -23.90
-64.81 -23.90
-64.82 -23.89
-64.83 -23.88
-64.84 -23.87
-64.86 -23.86
-64.86 -23.86
-64.88 -23.84
-64.88 -23.84
-64.9 -23.83
-64.91 -23.82
-64.92 -23.81
-64.94 -23.80
-64.94 -23.80
-64.96 -23.78
-64.97 -23.78
-64.98 -23.77
-64.99 -23.76
-65 -23.75
-65.02 -23.74
-65.02 -23.74
-65.04 -23.72
-65.05 -23.72
-65.06 -23.71
-65.07 -23.70
-65.08 -23.69
-65.1 -23.68
-65.1 -23.68
-65.12 -23.66
-65.12 -23.66
-65.14 -23.65
-65.15 -23.64
-65.16 -23.63
-65.17 -23.62
-65.18 -23.61
-65.2 -23.60
-65.2 -23.60
-65.22 -23.58
-65.22 -23.58
-65.24 -23.56
-65.24 -23.56
-65.26 -23.54
-65.26 -23.54
-65.28 -23.52
-65.28 -23.52
-65.3 -23.50
-65.3 -23.50
-65.32 -23.48
-65.32 -23.48
-65.34 -23.46
-65.34 -23.46
-65.36 -23.44
-65.36 -23.44
-65.37 -23.42
-65.38 -23.41
-65.39 -23.40
-65.4 -23.39
-65.41 -23.38
-65.42 -23.36
-65.42 -23.36
-65.43 -23.34
-65.44 -23.33
-65.45 -23.32
-65.46 -23.30
-65.46 -23.30
-65.47 -23.28
-65.48 -23.27
-65.48 -23.26
-65.49 -23.24
-65.5 -23.23
-65.51 -23.22
-65.51 -23.20
-65.52 -23.19
-65.52 -23.18
-65.53 -23.16
-65.54 -23.14
-65.54 -23.14
-65.55 -23.12
-65.56 -23.10
-65.56 -23.09
-65.56 -23.08
-65.57 -23.06
-65.57 -23.04
-65.58 -23.02
-65.58 -23.02
-65.58 -23.00
-65.59 -22.98
-65.59 -22.96
-65.59 -22.94
-65.59 -22.92
-65.6 -22.90
-65.6 -22.88
-65.6 -22.86
-65.59 -22.84
-65.59 -22.82
-65.59 -22.80
-65.59 -22.78
-65.59 -22.76
-65.58 -22.74
-65.58 -22.73
-65.58 -22.72
-65.57 -22.70
-65.57 -22.68
-65.56 -22.66
-65.56 -22.64
-65.56 -22.64
-65.55 -22.62
-65.55 -22.60
-65.54 -22.58
-65.54 -22.57
-65.54 -22.56
-65.53 -22.54
-65.53 -22.52
-65.52 -22.50
-65.52 -22.50
-65.51 -22.48
-65.51 -22.46
-65.5 -22.44
-65.5 -22.43
-65.5 -22.42
-65.49 -22.40
-65.49 -22.38
-65.48 -22.36
-65.48 -22.35
-65.48 -22.34
-65.47 -22.32
-65.47 -22.30
-65.47 -22.28
-65.47 -22.26
-65.46 -22.24
-65.46 -22.22
-65.46 -22.20
-65.46 -22.18
-65.46 -22.16
-65.47 -22.14
-65.47 -22.12
-65.47 -22.10
-65.48 -22.08
-65.48 -22.08
-65.48 -22.06
-65.49 -22.04
-65.5 -22.02
-65.5 -22.02
-65.51 -22.00
-65.52 -21.98
-65.52 -21.98
-65.53 -21.96
-65.54 -21.94
-65.54 -21.94
-65.56 -21.92
-65.56 -21.91
-65.57 -21.90
-65.58 -21.89
-65.59 -21.88
-65.6 -21.86
-65.6 -21.86
-65.62 -21.84
-65.62 -21.84
-65.63 -21.82
-65.64 -21.81
-65.65 -21.80
-65.66 -21.79
-65.67 -21.78
-65.68 -21.77
-65.69 -21.76
-65.7 -21.75
-65.7 -21.74
-65.72 -21.72
-65.72 -21.72
-65.74 -21.70
-65.74 -21.70
-65.76 -21.68
-65.76 -21.68
-65.78 -21.66
-65.78 -21.66
-65.8 -21.64
-65.8 -21.64
-65.82 -21.62
-65.82 -21.62
-65.83 -21.60
-65.84 -21.59
-65.85 -21.58
-65.86 -21.57
-65.87 -21.56
-65.88 -21.55
-65.89 -21.54
-65.9 -21.53
-65.91 -21.52
-65.92 -21.51
-65.93 -21.50
-65.94 -21.48
-65.94 -21.48
-65.96 -21.46
-65.96 -21.46
-65.98 -21.44
-65.98 -21.44
-65.99 -21.42
-66 -21.41
-66.01 -21.40
-66.02 -21.39
-66.03 -21.38
-66.04 -21.36
-66.04 -21.36
-66.06 -21.34
-66.06 -21.34
-66.07 -21.32
-66.08 -21.31
-66.09 -21.30
-66.1 -21.28
-66.1 -21.28
-66.12 -21.26
-66.12 -21.26
-66.13 -21.24
-66.14 -21.22
-66.14 -21.22
-66.16 -21.20
-66.16 -21.19
-66.17 -21.18
-66.18 -21.16
-66.18 -21.16
-66.19 -21.14
-66.2 -21.12
-66.2 -21.12
-66.21 -21.10
-66.22 -21.08
-66.22 -21.08
-66.23 -21.06
-66.24 -21.04
-66.24 -21.04
-66.25 -21.02
-66.26 -21.00
-66.26 -20.99
-66.26 -20.98
-66.27 -20.96
-66.28 -20.94
-66.28 -20.94
-66.29 -20.92
-66.29 -20.90
-66.3 -20.88
-66.3 -20.88
-66.31 -20.86
-66.31 -20.84
-66.32 -20.82
-66.32 -20.81
-66.32 -20.80
-66.33 -20.78
-66.34 -20.76
-66.34 -20.75
-66.34 -20.74
-66.35 -20.72
-66.35 -20.70
-66.36 -20.68
-66.36 -20.67
-66.36 -20.66
-66.37 -20.64
-66.37 -20.62
-66.38 -20.60
-66.38 -20.59
-66.38 -20.58
-66.39 -20.56
-66.39 -20.54
-66.4 -20.52
-66.4 -20.51
-66.4 -20.50
-66.41 -20.48
-66.41 -20.46
-66.42 -20.44
-66.42 -20.42
-66.42 -20.42
-66.42 -20.40
-66.43 -20.38
-66.43 -20.36
-66.44 -20.34
-66.44 -20.33
-66.44 -20.32
-66.45 -20.30
-66.45 -20.28
-66.45 -20.26
-66.46 -20.24
-66.46 -20.24
-66.46 -20.22
-66.47 -20.20
-66.47 -20.18
-66.48 -20.16
-66.48 -20.14
-66.48 -20.14
-66.48 -20.12
-66.49 -20.10
-66.49 -20.08
-66.5 -20.06
-66.5 -20.05
-66.5 -20.04
-66.51 -20.02
-66.51 -20.00
-66.52 -19.98
-66.52 -19.96
-66.52 -19.96
-66.52 -19.94
-66.53 -19.92
-66.53 -19.90
-66.54 -19.88
-66.54 -19.87
-66.54 -19.86
-66.55 -19.84
-66.55 -19.82
-66.55 -19.80
-66.56 -19.78
-66.56 -19.77
-66.56 -19.76
-66.57 -19.74
-66.57 -19.72
-66.57 -19.70
-66.58 -19.68
-66.58 -19.67
-66.58 -19.66
-66.59 -19.64
-66.59 -19.62
-66.59 -19.60
-66.6 -19.58
-66.6 -19.57
-66.6 -19.56
-66.61 -19.54
-66.61 -19.52
-66.61 -19.50
-66.62 -19.48
-66.62 -19.47
-66.62 -19.46
-66.63 -19.44
-66.63 -19.42
-66.63 -19.40
-66.64 -19.38
-66.64 -19.37
-66.64 -19.36
-66.65 -19.34
-66.65 -19.32
-66.65 -19.30
-66.66 -19.28
-66.66 -19.27
-66.66 -19.26
-66.67 -19.24
-66.67 -19.22
-66.68 -19.20
-66.68 -19.18
-66.68 -19.18
-66.68 -19.16
-66.69 -19.14
-66.69 -19.12
-66.7 -19.10
-66.7 -19.09
-66.7 -19.08
-66.71 -19.06
-66.71 -19.04
-66.72 -19.02
-66.72 -19.01
-66.72 -19.00
-66.73 -18.98
-66.73 -18.96
-66.74 -18.94
-66.74 -18.93
-66.74 -18.92
-66.75 -18.90
-66.75 -18.88
-66.76 -18.86
-66.76 -18.85
-66.76 -18.84
-66.77 -18.82
-66.77 -18.80
-66.78 -18.78
-66.78 -18.77
-66.78 -18.76
-66.79 -18.74
-66.79 -18.72
-66.8 -18.70
-66.8 -18.69
-66.8 -18.68
-66.81 -18.66
-66.81 -18.64
-66.82 -18.62
-66.82 -18.62
-66.82 -18.60
-66.83 -18.58
-66.84 -18.56
-66.84 -18.55
-66.84 -18.54
-66.85 -18.52
-66.85 -18.50
-66.86 -18.48
-66.86 -18.47
-66.86 -18.46
-66.87 -18.44
-66.88 -18.42
-66.88 -18.41
-66.88 -18.40
-66.89 -18.38
-66.89 -18.36
-66.9 -18.34
-66.9 -18.34
-66.91 -18.32
-66.91 -18.30
-66.92 -18.28
-66.92 -18.28
-66.93 -18.26
-66.93 -18.24
-66.94 -18.22
-66.94 -18.22
-66.95 -18.20
-66.95 -18.18
-66.96 -18.16
-66.96 -18.16
-66.97 -18.14
-66.97 -18.12
-66.98 -18.10
-66.98 -18.10
-66.99 -18.08
-67 -18.06
-67 -18.05
-67 -18.04
-67.01 -18.02
-67.02 -18.00
-67.02 -18.00
-67.03 -17.98
-67.04 -17.96
-67.04 -17.95
-67.04 -17.94
-67.05 -17.92
-67.06 -17.90
-67.06 -17.90
-67.07 -17.88
-67.08 -17.86
-67.08 -17.85
-67.09 -17.84
-67.09 -17.82
-67.1 -17.81
-67.1 -17.80
-67.11 -17.78
-67.12 -17.76
-67.12 -17.76
-67.13 -17.74
-67.14 -17.72
-67.14 -17.72
-67.15 -17.70
-67.16 -17.68
-67.16 -17.68
-67.17 -17.66
-67.18 -17.64
-67.18 -17.64
-67.19 -17.62
-67.2 -17.60
-67.2 -17.60
-67.21 -17.58
-67.22 -17.56
-67.22 -17.56
-67.23 -17.54
-67.24 -17.52
-67.24 -17.52
-67.25 -17.50
-67.26 -17.48
-67.26 -17.48
-67.27 -17.46
-67.28 -17.44
-67.28 -17.44
-67.29 -17.42
-67.3 -17.41
-67.3 -17.40
-67.32 -17.38
-67.32 -17.37
-67.33 -17.36
-67.34 -17.34
-67.34 -17.34
-67.35 -17.32
-67.36 -17.30
-67.36 -17.30
-67.37 -17.28
-67.38 -17.27
-67.39 -17.26
-67.4 -17.24
-67.4 -17.24
-67.41 -17.22
-67.42 -17.20
-67.42 -17.20
-67.43 -17.18
-67.44 -17.17
-67.45 -17.16
-67.46 -17.14
-67.46 -17.14
-67.47 -17.12
-67.48 -17.11
-67.49 -17.10
-67.5 -17.08
-67.5 -17.08
-67.51 -17.06
-67.52 -17.05
-67.52 -17.04
-67.54 -17.02
-67.54 -17.02
-67.55 -17.00
-67.56 -16.99
-67.56 -16.98
-67.58 -16.96
-67.58 -16.96
-67.59 -16.94
-67.6 -16.93
-67.61 -16.92
-67.62 -16.90
-67.62 -16.90
-67.64 -16.88
-67.64 -16.87
-67.65 -16.86
-67.66 -16.85
-67.67 -16.84
-67.68 -16.82
-67.68 -16.82
-67.7 -16.80
-67.7 -16.79
-67.71 -16.78
-67.72 -16.77
-67.73 -16.76
-67.74 -16.74
-67.74 -16.74
-67.76 -16.72
-67.76 -16.72
-67.78 -16.70
-67.78 -16.70
-67.79 -16.68
-67.8 -16.67
-67.81 -16.66
-67.82 -16.65
-67.83 -16.64
-67.84 -16.62
-67.84 -16.62
-67.86 -16.60
-67.86 -16.60
-67.88 -16.58
-67.88 -16.58
-67.9 -16.56
-67.9 -16.56
-67.91 -16.54
-67.92 -16.53
-67.93 -16.52
-67.94 -16.51
-67.95 -16.50
-67.96 -16.49
-67.97 -16.48
-67.98 -16.47
-67.99 -16.46
-68 -16.45
-68.01 -16.44
-68.02 -16.43
-68.03 -16.42
-68.04 -16.41
-68.05 -16.40
-68.06 -16.39
-68.07 -16.38
-68.08 -16.37
-68.09 -16.36
-68.1 -16.35
-68.11 -16.34
-68.12 -16.33
-68.13 -16.32
-68.14 -16.31
-68.15 -16.30
-68.16 -16.29
-68.17 -16.28
-68.18 -16.27
-68.19 -16.26
-68.2 -16.25
-68.21 -16.24
-68.22 -16.23
-68.23 -16.22
-68.24 -16.21
-68.25 -16.20
-68.26 -16.19
-68.27 -16.18
-68.28 -16.17
-68.29 -16.16
-68.3 -16.15
-68.31 -16.14
-68.32 -16.13
-68.33 -16.12
-68.34 -16.11
-68.35 -16.10
-68.36 -16.09
-68.37 -16.08
-68.38 -16.07
-68.39 -16.06
-68.4 -16.05
-68.41 -16.04
-68.42 -16.03
-68.43 -16.02
-68.44 -16.01
-68.45 -16.00
-68.46 -15.99
-68.47 -15.98
-68.48 -15.98
-68.5 -15.96
-68.5 -15.96
-68.52 -15.94
-68.52 -15.94
-68.54 -15.92
-68.54 -15.92
-68.56 -15.90
-68.56 -15.90
-68.58 -15.88
-68.58 -15.88
-68.6 -15.86
-68.6 -15.86
-68.62 -15.84
-68.63 -15.84
-68.64 -15.83
-68.65 -15.82
-68.66 -15.81
-68.67 -15.80
-68.68 -15.79
-68.69 -15.78
-68.7 -15.77
-68.71 -15.76
-68.72 -15.76
-68.74 -15.74
-68.74 -15.74
-68.76 -15.72
-68.76 -15.72
-68.78 -15.70
-68.78 -15.70
-68.8 -15.68
-68.8 -15.68
-68.82 -15.67
-68.83 -15.66
-68.84 -15.65
-68.85 -15.64
-68.86 -15.63
-68.87 -15.62
-68.88 -15.61
-68.9 -15.60
-68.9 -15.60
-68.92 -15.58
-68.92 -15.58
-68.94 -15.56
-68.94 -15.56
-68.96 -15.54
-68.96 -15.54
-68.98 -15.52
-68.98 -15.52
-69 -15.51
-69.01 -15.50
-69.02 -15.49
-69.03 -15.48
-69.04 -15.47
-69.05 -15.46
-69.06 -15.45
-69.07 -15.44
-69.08 -15.43
-69.09 -15.42
-69.1 -15.41
-69.11 -15.40
-69.12 -15.39
-69.13 -15.38
-69.14 -15.37
-69.15 -15.36
-69.16 -15.35
-69.17 -15.34
-69.18 -15.33
-69.19 -15.32
-69.2 -15.31
-69.21 -15.30
-69.22 -15.29
-69.23 -15.28
-69.24 -15.27
-69.25 -15.26
-69.26 -15.25
-69.26 -15.24
-69.28 -15.22
-69.28 -15.22
-69.3 -15.20
-69.3 -15.20
-69.32 -15.18
-69.32 -15.17
-69.33 -15.16
-69.34 -15.15
-69.35 -15.14
-69.36 -15.12
-69.36 -15.12
-69.38 -15.10
-69.38 -15.10
-69.39 -15.08
-69.4 -15.07
-69.41 -15.06
-69.42 -15.04
-69.42 -15.04
-69.43 -15.02
-69.44 -15.01
-69.45 -15.00
-69.46 -14.98
-69.46 -14.98
-69.47 -14.96
-69.48 -14.95
-69.49 -14.94
-69.5 -14.92
-69.5 -14.92
-69.51 -14.90
-69.52 -14.88
-69.52 -14.88
-69.53 -14.86
-69.54 -14.85
-69.54 -14.84
-69.55 -14.82
-69.56 -14.81
-69.56 -14.80
-69.57 -14.78
-69.58 -14.77
-69.58 -14.76
-69.59 -14.74
-69.6 -14.72
-69.6 -14.72
-69.61 -14.70
-69.62 -14.68
-69.62 -14.68
-69.63 -14.66
-69.64 -14.64
-69.64 -14.63
-69.64 -14.62
-69.65 -14.60
-69.66 -14.58
-69.66 -14.58
-69.67 -14.56
-69.67 -14.54
-69.68 -14.52
-69.68 -14.52
-69.69 -14.50
-69.69 -14.48
-69.7 -14.46
-69.7 -14.45
-69.7 -14.44
-69.71 -14.42
-69.71 -14.40
-69.72 -14.38
-69.72 -14.38
-69.73 -14.36
-69.73 -14.34
-69.73 -14.32
-69.74 -14.30
-69.74 -14.30
-69.74 -14.28
-69.75 -14.26
-69.75 -14.24
-69.76 -14.22
-69.76 -14.20
-69.76 -14.20
-69.76 -14.18
-69.77 -14.16
-69.77 -14.14
-69.77 -14.12
-69.78 -14.10
-69.78 -14.09
-69.78 -14.08
-69.78 -14.06
-69.79 -14.04
-69.79 -14.02
-69.79 -14.00
-69.8 -13.98
-69.8 -13.96
-69.8 -13.95
-69.8 -13.94
-69.8 -13.92
-69.81 -13.90
-69.81 -13.88
-69.81 -13.86
-69.81 -13.84
-69.81 -13.82
-69.81 -13.80
-69.82 -13.78
-69.82 -13.76
-69.82 -13.74
-69.82 -13.72
-69.82 -13.71
-69.82 -13.70
-69.82 -13.68
-69.82 -13.66
-69.82 -13.64
-69.82 -13.62
-69.82 -13.60
-69.82 -13.58
-69.82 -13.56
-69.82 -13.54
-69.82 -13.52
-69.83 -13.50
-69.83 -13.48
-69.83 -13.46
-69.83 -13.44
-69.83 -13.42
-69.83 -13.40
-69.83 -13.38
-69.83 -13.36
-69.83 -13.34
-69.83 -13.32
-69.83 -13.30
-69.82 -13.28
-69.82 -13.26
-69.82 -13.24
-69.82 -13.22
-69.82 -13.20
-69.82 -13.18
-69.82 -13.16
-69.82 -13.14
-69.83 -13.12
-69.83 -13.10
-69.83 -13.08
-69.83 -13.06
-69.83 -13.04
-69.83 -13.02
-69.83 -13.00
-69.83 -12.98
-69.83 -12.96
-69.83 -12.94
-69.83 -12.92
-69.83 -12.90
-69.83 -12.88
-69.83 -12.86
-69.83 -12.84
-69.83 -12.82
-69.83 -12.80
-69.83 -12.78
-69.83 -12.76
-69.83 -12.74
-69.83 -12.72
-69.83 -12.70
-69.83 -12.68
-69.83 -12.66
-69.84 -12.64
-69.84 -12.62
-69.84 -12.60
-69.84 -12.58
-69.84 -12.56
-69.84 -12.54
-69.84 -12.52
-69.84 -12.50
-69.84 -12.48
-69.84 -12.46
-69.84 -12.44
-69.84 -12.42
-69.84 -12.41
-69.84 -12.40
-69.84 -12.38
-69.84 -12.36
-69.84 -12.34
-69.84 -12.32
-69.84 -12.30
-69.84 -12.28
-69.84 -12.26
-69.84 -12.24
-69.84 -12.22
-69.84 -12.20
-69.85 -12.18
-69.85 -12.16
-69.85 -12.14
-69.85 -12.12
-69.85 -12.10
-69.85 -12.08
-69.85 -12.06
-69.85 -12.04
-69.85 -12.02
-69.85 -12.00
-69.85 -11.98
-69.85 -11.96
-69.85 -11.94
-69.85 -11.92
-69.85 -11.90
-69.86 -11.88
-69.86 -11.86
-69.86 -11.84
-69.86 -11.82
-69.86 -11.80
-69.86 -11.78
-69.86 -11.78
-69.86 -11.76
-69.86 -11.74
-69.86 -11.72
-69.86 -11.70
-69.86 -11.68
-69.87 -11.66
-69.87 -11.64
-69.87 -11.62
-69.87 -11.60
-69.87 -11.58
-69.87 -11.56
-69.87 -11.54
-69.87 -11.52
-69.87 -11.50
-69.88 -11.48
-69.88 -11.46
-69.88 -11.44
-69.88 -11.42
-69.88 -11.41
-69.88 -11.40
-69.88 -11.38
-69.88 -11.36
-69.88 -11.34
-69.89 -11.32
-69.89 -11.30
-69.89 -11.28
-69.89 -11.26
-69.89 -11.24
-69.89 -11.22
-69.89 -11.20
-69.89 -11.18
-69.89 -11.16
-69.89 -11.14
-69.9 -11.12
-69.9 -11.10
-69.9 -11.08
-69.9 -11.06
-69.9 -11.04
-69.9 -11.02
-69.9 -11.01
-69.9 -11.00
-69.9 -10.98
-69.9 -10.96
-69.9 -10.94
-69.9 -10.92
-69.9 -10.90
-69.9 -10.88
-69.9 -10.86
-69.91 -10.84
-69.91 -10.82
-69.91 -10.80
-69.91 -10.78
-69.91 -10.76
-69.91 -10.74
-69.91 -10.72
-69.91 -10.70
-69.91 -10.68
-69.91 -10.66
-69.91 -10.64
-69.91 -10.62
-69.91 -10.60
-69.91 -10.58
-69.91 -10.56
-69.91 -10.54
-69.91 -10.52
-69.91 -10.50
-69.91 -10.48
-69.91 -10.46
-69.91 -10.44
-69.91 -10.42
-69.91 -10.40
-69.91 -10.38
-69.91 -10.36
-69.91 -10.34
-69.91 -10.32
-69.91 -10.30
-69.91 -10.28
-69.91 -10.26
-69.91 -10.24
-69.91 -10.22
-69.91 -10.20
-69.91 -10.18
-69.91 -10.16
-69.91 -10.14
-69.91 -10.12
-69.91 -10.10
-69.91 -10.08
-69.91 -10.06
-69.91 -10.04
-69.91 -10.02
-69.91 -10.00
-69.91 -9.98
-69.91 -9.96
-69.91 -9.94
-69.91 -9.92
-69.91 -9.90
-69.91 -9.88
-69.91 -9.86
-69.91 -9.84
-69.91 -9.82
-69.91 -9.80
-69.91 -9.78
-69.91 -9.76
-69.91 -9.74
-69.91 -9.72
-69.91 -9.70
-69.91 -9.68
-69.91 -9.66
-69.91 -9.64
-69.91 -9.62
-69.91 -9.60
-69.9 -9.58
-69.9 -9.56
-69.9 -9.54
-69.9 -9.52
-69.9 -9.50
-69.9 -9.48
-69.9 -9.46
-69.9 -9.45
-69.9 -9.44
-69.9 -9.42
-69.9 -9.40
-69.9 -9.38
-69.9 -9.36
-69.9 -9.34
-69.9 -9.32
-69.89 -9.30
-69.89 -9.28
-69.89 -9.26
-69.89 -9.24
-69.89 -9.22
-69.89 -9.20
-69.89 -9.18
-69.89 -9.16
-69.89 -9.14
-69.89 -9.12
-69.89 -9.10
-69.89 -9.08
-69.89 -9.06
-69.89 -9.04
-69.89 -9.02
-69.89 -9.00
-69.89 -8.98
-69.89 -8.96
-69.88 -8.94
-69.88 -8.92
-69.88 -8.90
-69.88 -8.88
-69.88 -8.86
-69.88 -8.84
-69.88 -8.82
-69.88 -8.80
-69.88 -8.78
-69.88 -8.76
-69.88 -8.74
-69.88 -8.72
-69.88 -8.70
-69.88 -8.68
-69.88 -8.68
-69.88 -8.66
-69.88 -8.64
-69.88 -8.62
-69.88 -8.60
-69.88 -8.58
-69.88 -8.56
-69.88 -8.54
-69.88 -8.52
-69.88 -8.50
-69.88 -8.48
-69.88 -8.46
-69.88 -8.44
-69.88 -8.42
-69.88 -8.40
-69.88 -8.38
-69.88 -8.36
-69.88 -8.34
-69.88 -8.32
-69.87 -8.30
-69.87 -8.28
-69.87 -8.26
-69.87 -8.24
-69.87 -8.22
-69.87 -8.20
-69.87 -8.18
-69.87 -8.16
-69.87 -8.14
-69.87 -8.12
-69.87 -8.10
-69.87 -8.08
-69.87 -8.06
-69.87 -8.04
-69.87 -8.02
-69.87 -8.00
-69.87 -7.98
-69.87 -7.96
-69.87 -7.94
-69.87 -7.92
-69.87 -7.90
-69.87 -7.88
-69.87 -7.86
-69.87 -7.84
-69.87 -7.82
-69.87 -7.80
-69.87 -7.78
-69.87 -7.76
-69.87 -7.74
-69.87 -7.72
-69.87 -7.70
-69.87 -7.68
-69.87 -7.66
-69.87 -7.64
-69.87 -7.62
-69.87 -7.60
-69.87 -7.58
-69.87 -7.56
-69.87 -7.54
-69.87 -7.52
-69.87 -7.50
-69.87 -7.48
-69.87 -7.46
-69.87 -7.44
-69.87 -7.42
-69.87 -7.40
-69.87 -7.38
-69.87 -7.36
-69.87 -7.34
-69.87 -7.32
-69.87 -7.30
-69.87 -7.28
-69.86 -7.26
-69.86 -7.24
-69.86 -7.22
-69.86 -7.20
-69.86 -7.18
-69.86 -7.16
-69.86 -7.14
-69.86 -7.12
-69.86 -7.10
-69.86 -7.08
-69.86 -7.06
-69.86 -7.04
-69.86 -7.02
-69.86 -7.00
-69.86 -6.98
-69.86 -6.96
-69.86 -6.94
-69.86 -6.92
-69.86 -6.90
-69.86 -6.88
-69.86 -6.86
-69.86 -6.84
-69.86 -6.82
-69.86 -6.80
-69.86 -6.79
-69.86 -6.78
-69.86 -6.76
-69.86 -6.74
-69.86 -6.72
-69.86 -6.70
-69.86 -6.68
-69.86 -6.66
-69.86 -6.64
-69.86 -6.62
-69.86 -6.60
-69.86 -6.58
-69.86 -6.56
-69.86 -6.54
-69.86 -6.52
-69.86 -6.50
-69.86 -6.48
-69.86 -6.46
-69.85 -6.44
-69.85 -6.42
-69.85 -6.40
-69.85 -6.38
-69.85 -6.36
-69.85 -6.34
-69.85 -6.32
-69.85 -6.30
-69.85 -6.28
-69.85 -6.26
-69.85 -6.24
-69.85 -6.22
-69.85 -6.20
-69.85 -6.18
-69.85 -6.16
-69.85 -6.14
-69.85 -6.12
-69.85 -6.10
-69.85 -6.08
-69.85 -6.06
-69.85 -6.04
-69.85 -6.02
-69.85 -6.00
-69.85 -5.98
-69.85 -5.96
-69.85 -5.94
-69.85 -5.92
-69.85 -5.90
-69.85 -5.88
-69.85 -5.86
-69.85 -5.84
-69.85 -5.82
-69.85 -5.80
-69.85 -5.78
-69.85 -5.76
-69.85 -5.74
-69.85 -5.72
-69.85 -5.70
-69.85 -5.68
-69.85 -5.66
-69.85 -5.64
-69.85 -5.62
-69.85 -5.60
-69.85 -5.58
-69.85 -5.56
-69.85 -5.54
-69.85 -5.52
-69.85 -5.50
-69.85 -5.48
-69.85 -5.46
-69.85 -5.44
-69.85 -5.42
-69.85 -5.40
-69.85 -5.38
-69.85 -5.36
-69.85 -5.34
-69.85 -5.32
-69.85 -5.30
-69.85 -5.28
-69.85 -5.26
-69.85 -5.24
-69.85 -5.22
-69.85 -5.20
-69.85 -5.18
-69.85 -5.16
-69.85 -5.14
-69.85 -5.12
-69.86 -5.10
-69.86 -5.08
-69.86 -5.06
-69.86 -5.04
-69.86 -5.02
-69.86 -5.00
-69.86 -4.98
-69.86 -4.96
-69.86 -4.94
-69.86 -4.94
-69.86 -4.92
-69.86 -4.90
-69.86 -4.88
-69.86 -4.86
-69.86 -4.84
-69.86 -4.82
-69.87 -4.80
-69.87 -4.78
-69.87 -4.76
-69.87 -4.74
-69.87 -4.72
-69.87 -4.70
-69.87 -4.68
-69.87 -4.66
-69.87 -4.64
-69.87 -4.62
-69.87 -4.60
-69.88 -4.58
-69.88 -4.56
-69.88 -4.54
-69.88 -4.52
-69.88 -4.50
-69.88 -4.50
-69.88 -4.48
-69.88 -4.46
-69.88 -4.44
-69.88 -4.42
-69.89 -4.40
-69.89 -4.38
-69.89 -4.36
-69.89 -4.34
-69.89 -4.32
-69.89 -4.30
-69.89 -4.28
-69.9 -4.26
-69.9 -4.24
-69.9 -4.22
-69.9 -4.21
-69.9 -4.20
-69.9 -4.18
-69.9 -4.16
-69.91 -4.14
-69.91 -4.12
-69.91 -4.10
-69.91 -4.08
-69.91 -4.06
-69.92 -4.04
-69.92 -4.02
-69.92 -4.00
-69.92 -3.99
-69.92 -3.98
-69.92 -3.96
-69.93 -3.94
-69.93 -3.92
-69.93 -3.90
-69.93 -3.88
-69.94 -3.86
-69.94 -3.84
-69.94 -3.82
-69.94 -3.82
-69.94 -3.80
-69.94 -3.78
-69.95 -3.76
-69.95 -3.74
-69.95 -3.72
-69.96 -3.70
-69.96 -3.68
-69.96 -3.67
-69.96 -3.66
-69.96 -3.64
-69.97 -3.62
-69.97 -3.60
-69.97 -3.58
-69.98 -3.56
-69.98 -3.54
-69.98 -3.53
-69.98 -3.52
-69.98 -3.50
-69.99 -3.48
-69.99 -3.46
-69.99 -3.44
-70 -3.42
-70 -3.41
-70 -3.40
-70 -3.38
-70.01 -3.36
-70.01 -3.34
-70.01 -3.32
-70.02 -3.30
-70.02 -3.29
-70.02 -3.28
-70.03 -3.26
-70.03 -3.24
-70.03 -3.22
-70.04 -3.20
-70.04 -3.18
-70.04 -3.18
-70.04 -3.16
-70.05 -3.14
-70.05 -3.12
-70.06 -3.10
-70.06 -3.08
-70.06 -3.08
-70.06 -3.06
-70.07 -3.04
-70.07 -3.02
-70.08 -3.00
-70.08 -2.99
-70.08 -2.98
-70.09 -2.96
-70.09 -2.94
-70.1 -2.92
-70.1 -2.90
-70.1 -2.90
-70.1 -2.88
-70.11 -2.86
-70.11 -2.84
-70.12 -2.82
-70.12 -2.82
-70.12 -2.80
-70.13 -2.78
-70.13 -2.76
-70.14 -2.74
-70.14 -2.74
-70.14 -2.72
-70.15 -2.70
-70.16 -2.68
-70.16 -2.66
-70.16 -2.66
-70.17 -2.64
-70.17 -2.62
-70.18 -2.60
-70.18 -2.59
-70.18 -2.58
-70.19 -2.56
-70.2 -2.54
-70.2 -2.53
-70.2 -2.52
-70.21 -2.50
-70.21 -2.48
-70.22 -2.46
-70.22 -2.46
-70.23 -2.44
-70.23 -2.42
-70.24 -2.40
-70.24 -2.40
-70.24 -2.38
-70.25 -2.36
-70.26 -2.34
-70.26 -2.33
-70.26 -2.32
-70.27 -2.30
-70.28 -2.28
-70.28 -2.27
-70.28 -2.26
-70.29 -2.24
-70.3 -2.22
-70.3 -2.21
-70.3 -2.20
-70.31 -2.18
-70.32 -2.16
-70.32 -2.16
-70.33 -2.14
-70.33 -2.12
-70.34 -2.10
-70.34 -2.10
-70.35 -2.08
-70.35 -2.06
-70.36 -2.04
-70.36 -2.04
-70.37 -2.02
-70.38 -2.00
-70.38 -1.99
-70.38 -1.98
-70.39 -1.96
-70.4 -1.94
-70.4 -1.94
-70.41 -1.92
-70.41 -1.90
-70.42 -1.88
-70.42 -1.88
-70.43 -1.86
-70.44 -1.84
-70.44 -1.83
-70.45 -1.82
-70.45 -1.80
-70.46 -1.79
-70.46 -1.78
-70.47 -1.76
-70.48 -1.74
-70.48 -1.74
-70.49 -1.72
-70.5 -1.70
-70.5 -1.69
-70.51 -1.68
-70.51 -1.66
-70.52 -1.65
-70.52 -1.64
-70.53 -1.62
-70.54 -1.60
-70.54 -1.60
-70.55 -1.58
-70.56 -1.56
-70.56 -1.56
-70.57 -1.54
-70.58 -1.52
-70.58 -1.52
-70.59 -1.50
-70.6 -1.48
-70.6 -1.48
-70.61 -1.46
-70.62 -1.44
-70.62 -1.44
-70.63 -1.42
-70.64 -1.40
-70.64 -1.40
-70.65 -1.38
-70.66 -1.36
-70.66 -1.36
-70.67 -1.34
-70.68 -1.32
-70.68 -1.32
-70.69 -1.30
-70.7 -1.28
-70.7 -1.28
-70.71 -1.26
-70.72 -1.24
-70.72 -1.24
-70.73 -1.22
-70.74 -1.21
-70.74 -1.20
-70.76 -1.18
-70.76 -1.17
-70.77 -1.16
-70.78 -1.14
-70.78 -1.13
-70.79 -1.12
-70.8 -1.10
-70.8 -1.10
-70.81 -1.08
-70.82 -1.06
-70.82 -1.06
-70.83 -1.04
-70.84 -1.03
-70.84 -1.02
-70.86 -1.00
-70.86 -0.99
-70.87 -0.98
-70.88 -0.96
-70.88 -0.96
-70.89 -0.94
-70.9 -0.92
-70.9 -0.92
-70.91 -0.90
-70.92 -0.89
-70.93 -0.88
-70.94 -0.86
-70.94 -0.86
-70.95 -0.84
-70.96 -0.82
-70.96 -0.82
-70.97 -0.80
-70.98 -0.79
-70.99 -0.78
-71 -0.76
-71 -0.76
-71.01 -0.74
-71.02 -0.73
-71.03 -0.72
-71.04 -0.70
-71.04 -0.70
-71.05 -0.68
-71.06 -0.67
-71.07 -0.66
-71.08 -0.64
-71.08 -0.64
-71.09 -0.62
-71.1 -0.61
-71.11 -0.60
-71.12 -0.58
-71.12 -0.58
-71.13 -0.56
-71.14 -0.55
-71.15 -0.54
-71.16 -0.52
-71.16 -0.52
-71.17 -0.50
-71.18 -0.49
-71.19 -0.48
-71.2 -0.46
-71.2 -0.46
-71.22 -0.44
-71.22 -0.44
-71.23 -0.42
-71.24 -0.41
-71.25 -0.40
-71.26 -0.38
-71.26 -0.38
-71.27 -0.36
-71.28 -0.35
-71.29 -0.34
-71.3 -0.33
-71.3 -0.32
-71.32 -0.30
-71.32 -0.30
-71.33 -0.28
-71.34 -0.27
-71.35 -0.26
-71.36 -0.25
-71.36 -0.24
-71.38 -0.22
-71.38 -0.22
-71.39 -0.20
-71.4 -0.19
-71.41 -0.18
-71.42 -0.17
-71.43 -0.16
-71.44 -0.14
-71.44 -0.14
-71.46 -0.12
-71.46 -0.11
-71.47 -0.10
-71.48 -0.09
-71.49 -0.08
-71.5 -0.06
-71.5 -0.06
-71.52 -0.04
-71.52 -0.04
-71.53 -0.02
-71.54 -0.01
-71.55 0.00
-71.56 0.01
-71.57 0.02
-71.58 0.04
-71.58 0.04
-71.6 0.06
-71.6 0.06
-71.61 0.08
-71.62 0.09
-71.63 0.10
-71.64 0.11
-71.65 0.12
-71.66 0.14
-71.66 0.14
-71.68 0.16
-71.68 0.16
-71.69 0.18
-71.7 0.19
-71.71 0.20
-71.72 0.21
-71.73 0.22
-71.74 0.23
-71.74 0.24
-71.76 0.26
-71.76 0.26
-71.78 0.28
-71.78 0.28
-71.8 0.30
-71.8 0.31
-71.81 0.32
-71.82 0.33
-71.83 0.34
-71.84 0.35
-71.85 0.36
-71.86 0.38
-71.86 0.38
-71.88 0.40
-71.88 0.40
-71.9 0.42
-71.9 0.42
-71.92 0.44
-71.92 0.44
-71.93 0.46
-71.94 0.47
-71.95 0.48
-71.96 0.49
-71.97 0.50
-71.98 0.51
-71.99 0.52
-72 0.54
-72 0.54
-72.02 0.56
-72.02 0.56
-72.04 0.58
-72.04 0.58
-72.05 0.60
-72.06 0.61
-72.07 0.62
-72.08 0.63
-72.09 0.64
-72.1 0.65
-72.11 0.66
-72.12 0.68
-72.12 0.68
-72.14 0.70
-72.14 0.70
-72.16 0.72
-72.16 0.72
-72.18 0.74
-72.18 0.74
-72.19 0.76
-72.2 0.77
-72.21 0.78
-72.22 0.79
-72.23 0.80
-72.24 0.81
-72.24 0.82
-72.26 0.84
-72.26 0.84
-72.28 0.86
-72.28 0.86
-72.3 0.88
-72.3 0.89
-72.31 0.90
-72.32 0.91
-72.33 0.92
-72.34 0.93
-72.35 0.94
-72.36 0.96
-72.36 0.96
-72.38 0.98
-72.38 0.98
-72.39 1.00
-72.4 1.01
-72.41 1.02
-72.42 1.03
-72.43 1.04
-72.44 1.06
-72.44 1.06
-72.46 1.08
-72.46 1.08
-72.47 1.10
-72.48 1.11
-72.49 1.12
-72.5 1.13
-72.5 1.14
-72.52 1.16
-72.52 1.16
-72.54 1.18
-72.54 1.19
-72.55 1.20
-72.56 1.21
-72.57 1.22
-72.58 1.24
-72.58 1.24
-72.6 1.26
-72.6 1.27
-72.61 1.28
-72.62 1.29
-72.63 1.30
-72.64 1.32
-72.64 1.32
-72.65 1.34
-72.66 1.35
-72.67 1.36
-72.68 1.38
-72.68 1.38
-72.7 1.40
-72.7 1.41
-72.71 1.42
-72.72 1.44
-72.72 1.44
-72.74 1.46
-72.74 1.47
-72.75 1.48
-72.76 1.50
-72.76 1.50
-72.77 1.52
-72.78 1.53
-72.79 1.54
-72.8 1.56
-72.8 1.56
-72.81 1.58
-72.82 1.60
-72.82 1.60
-72.83 1.62
-72.84 1.64
-72.84 1.64
-72.85 1.66
-72.86 1.68
-72.86 1.68
-72.87 1.70
-72.88 1.72
-72.88 1.72
-72.89 1.74
-72.9 1.76
-72.9 1.76
-72.91 1.78
-72.91 1.80
-72.92 1.82
-72.92 1.82
-72.93 1.84
-72.94 1.86
-72.94 1.87
-72.94 1.88
-72.95 1.90
-72.95 1.92
-72.96 1.94
-72.96 1.95
-72.96 1.96
-72.97 1.98
-72.97 2.00
-72.97 2.02
-72.98 2.04
-72.98 2.06
-72.98 2.08
-72.98 2.08
-72.98 2.10
-72.98 2.12
-72.98 2.14
-72.99 2.16
-72.99 2.18
-72.99 2.20
-72.99 2.22
-72.98 2.24
-72.98 2.26
-72.98 2.28
-72.98 2.30
-72.98 2.31
-72.98 2.32
-72.98 2.34
-72.97 2.36
-72.97 2.38
-72.97 2.40
-72.96 2.42
-72.96 2.44
-72.96 2.44
-72.96 2.46
-72.95 2.48
-72.95 2.50
-72.94 2.52
-72.94 2.52
-72.93 2.54
-72.93 2.56
-72.92 2.58
-72.92 2.59
-72.91 2.60
-72.91 2.62
-72.9 2.64
-72.9 2.64
-72.89 2.66
-72.88 2.68
-72.88 2.69
-72.88 2.70
-72.87 2.72
-72.86 2.74
-72.86 2.74
-72.85 2.76
-72.84 2.78
-72.84 2.78
-72.83 2.80
-72.82 2.82
-72.82 2.82
-72.81 2.84
-72.8 2.85
-72.8 2.86
-72.79 2.88
-72.78 2.89
-72.77 2.90
-72.76 2.92
-72.76 2.92
-72.75 2.94
-72.74 2.96
-72.74 2.96
-72.72 2.98
-72.72 2.99
-72.71 3.00
-72.7 3.02
-72.7 3.02
-72.68 3.04
-72.68 3.05
-72.67 3.06
-72.66 3.08
-72.66 3.08
-72.64 3.10
-72.64 3.10
-72.63 3.12
-72.62 3.13
-72.61 3.14
-72.6 3.15
-72.6 3.16
-72.58 3.18
-72.58 3.18
-72.56 3.20
-72.56 3.20
-72.55 3.22
-72.54 3.23
-72.53 3.24
-72.52 3.25
-72.51 3.26
-72.5 3.28
-72.5 3.28
-72.48 3.30
-72.48 3.30
-72.46 3.32
-72.46 3.32
-72.45 3.34
-72.44 3.35
-72.43 3.36
-72.42 3.37
-72.41 3.38
-72.4 3.39
-72.39 3.40
-72.38 3.41
-72.37 3.42
-72.36 3.44
-72.36 3.44
-72.34 3.46
-72.34 3.46
-72.32 3.48
-72.32 3.48
-72.3 3.50
-72.3 3.50
-72.28 3.52
-72.28 3.52
-72.27 3.54
-72.26 3.55
-72.25 3.56
-72.24 3.57
-72.23 3.58
-72.22 3.59
-72.21 3.60
-72.2 3.61
-72.19 3.62
-72.18 3.63
-72.18 3.64
-72.16 3.66
-72.16 3.66
-72.14 3.68
-72.14 3.68
-72.12 3.70
-72.12 3.70
-72.1 3.72
-72.1 3.72
-72.09 3.74
-72.08 3.75
-72.07 3.76
-72.06 3.77
-72.05 3.78
-72.04 3.79
-72.03 3.80
-72.02 3.81
-72.02 3.82
-72 3.84
-72 3.84
-71.98 3.86
-71.98 3.86
-71.96 3.88
-71.96 3.88
-71.95 3.90
-71.94 3.91
-71.93 3.92
-71.92 3.93
-71.91 3.94
-71.9 3.95
-71.89 3.96
-71.88 3.98
-71.88 3.98
-71.86 4.00
-78.080 4.832
-78.342 4.066
-78.662 3.392
-79.165 2.780
-79.478 2.427
-79.791 2.074
-80.292 1.549
-80.574 1.053
-80.887 0.432
-81.229 -0.284
-81.415 -1.095
-81.599 -1.814
-81.532 -2.437
-81.652 -3.000
-81.599 -3.245
-81.926 -3.721
-82.010 -4.504
-81.999 -5.253
-81.954 -6.003
-81.784 -6.655
-81.549 -7.306
-81.375 -7.988
-81.041 -8.665
-80.701 -9.434
-80.368 -9.921
-79.997 -10.560
-79.618 -11.291
-79.147 -11.890
-78.665 -12.641
-78.407 -13.014
-78.148 -13.387
-77.639 -13.914
-77.125 -14.467
-76.765 -14.843
-76.403 -15.219
-75.916 -15.736
-75.292 -16.330
-74.609 -16.823
-73.949 -17.373
-73.400 -17.747
-72.737 -18.257
-72.266 -18.721
-71.746 -19.298
-71.487 -19.811
-71.362 -20.249
-71.323 -20.758
-71.249 -21.262
-71.307 -21.965
-71.347 -22.758
-71.389 -23.523
-71.466 -24.263
-71.524 -25.093
-71.628 -25.840
-71.752 -26.652
-71.847 -27.248
-71.958 -27.755
-72.170 -28.278
-72.433 -28.901
-72.555 -29.536
-72.600 -30.190
-72.618 -30.965
-72.678 -31.531
-72.762 -32.319
-72.889 -32.742
-72.861 -33.358
-72.938 -33.837
-73.246 -34.290
-73.675 -34.888
-73.897 -35.578
-74.262 -36.165
-74.442 -36.725
-74.596 -37.563
-74.655 -38.138
-74.836 -38.542
-74.988 -39.068
-75.150 -39.564
-75.128 -39.813
-75.195 -40.359
-75.189 -40.863
-75.392 -41.367
-75.397 -41.826
-75.402 -42.285
-75.558 -42.972
-75.632 -43.648
-75.782 -44.051
-75.821 -44.849
-67.44 -45.00
