91.4800 9.8900
91.4800 9.7100
91.4800 9.4200
91.5200 9.1800
91.5600 8.9000
91.7000 8.4500
91.7800 8.2300
91.9000 8.0000
91.9900 7.7700
92.0500 7.6100
92.1400 7.4100
92.2100 7.2200
92.2600 7.0800
92.2900 6.9600
92.3400 6.8200
92.4000 6.6700
92.4700 6.4900
92.5300 6.3300
92.5800 6.1400
92.6400 5.9600
92.6700 5.8300
92.7700 5.5700
92.8000 5.4500
92.8400 5.3200
92.9400 5.0800
93.0700 4.7200
93.1500 4.5700
93.2300 4.4200
93.3100 4.3300
93.3700 4.2100
93.4600 4.0900
93.5000 4.0100
93.6300 3.8500
93.7100 3.7300
93.7700 3.6000
93.8900 3.4500
94.0000 3.2900
94.1300 3.1600
94.2800 2.9700
94.4700 2.7800
94.5700 2.6600
94.7500 2.5300
94.8900 2.4000
95.0300 2.2900
95.1600 2.1700
95.1500 2.1800
95.3700 1.9800
95.5200 1.8400
95.6900 1.6500
95.8300 1.5000
95.9800 1.3200
96.0900 1.1700
96.2200 0.9700
96.3400 0.7900
96.4500 0.6300
96.5400 0.5100
96.6000 0.3700
96.6700 0.2900
96.7500 0.1200
96.8300 0.0100
96.9200 -0.1200
97.0000 -0.2800
97.0600 -0.4000
97.1400 -0.5300
97.2400 -0.7100
97.3900 -0.9200
97.5200 -1.1700
97.6500 -1.3600
97.7500 -1.5300
97.8600 -1.6800
98.0100 -1.9200
98.1900 -2.2100
98.4500 -2.5700
98.6100 -2.7800
98.7800 -3.0100
98.9400 -3.1600
99.1600 -3.4700
99.3900 -3.7600
99.5600 -4.0000
99.7600 -4.2200
99.9700 -4.4800
100.1500 -4.7600
100.3600 -5.0300
100.5700 -5.2300
100.7700 -5.4800
101.0200 -5.7800
101.2300 -6.0500
101.4600 -6.3200
101.6100 -6.5000
101.7700 -6.7100
102.0500 -6.9600
102.3300 -7.1600
102.5200 -7.2700
102.7800 -7.4600
103.1700 -7.7100
103.4800 -7.8300
103.5400 -7.8700
104.0800 -8.1200
104.4600 -8.2700
104.9800 -8.5700
105.5900 -8.9200
106.1200 -9.2400
106.6300 -9.5300
106.3400 -9.3700
106.8300 -9.6600
107.3800 -9.8900
107.8400 -10.0500
108.3600 -10.1800
109.0700 -10.3300
109.6200 -10.3700
110.1600 -10.4400
110.6100 -10.4800
111.0100 -10.4800
111.5300 -10.5700
112.1700 -10.6500
112.5700 -10.7600
113.2000 -10.8700
113.7500 -10.9600
114.4100 -11.0900
115.0100 -11.1500
115.5700 -11.2200
116.1800 -11.2800
116.8600 -11.3300
117.5800 -11.3400
118.2300 -11.3800
118.7500 -11.3600
119.2700 -11.3900
119.8400 -11.4600
120.4500 -11.5300
121.1100 -11.4900
121.7800 -11.4100
122.6300 -11.1900
123.2200 -11.0000
123.9600 -10.7100
124.00 -7.49
123.98 -7.49
123.96 -7.49
123.94 -7.49
123.92 -7.49
123.90 -7.49
123.88 -7.50
123.86 -7.50
123.84 -7.50
123.84 -7.50
123.82 -7.50
123.80 -7.50
123.78 -7.51
123.76 -7.51
123.74 -7.51
123.72 -7.51
123.70 -7.52
123.68 -7.52
123.67 -7.52
123.66 -7.52
123.64 -7.52
123.62 -7.53
123.60 -7.53
123.58 -7.53
123.56 -7.54
123.54 -7.54
123.54 -7.54
123.52 -7.54
123.50 -7.55
123.48 -7.55
123.46 -7.55
123.44 -7.56
123.42 -7.56
123.41 -7.56
123.40 -7.56
123.38 -7.57
123.36 -7.57
123.34 -7.57
123.32 -7.58
123.30 -7.58
123.30 -7.58
123.28 -7.58
123.26 -7.59
123.24 -7.59
123.22 -7.60
123.20 -7.60
123.20 -7.60
123.18 -7.60
123.16 -7.61
123.14 -7.61
123.12 -7.62
123.10 -7.62
123.10 -7.62
123.08 -7.62
123.06 -7.63
123.04 -7.63
123.02 -7.64
123.00 -7.64
123.00 -7.64
122.98 -7.64
122.96 -7.65
122.94 -7.65
122.92 -7.66
122.90 -7.66
122.90 -7.66
122.88 -7.67
122.86 -7.67
122.84 -7.68
122.82 -7.68
122.82 -7.68
122.80 -7.68
122.78 -7.69
122.76 -7.69
122.74 -7.70
122.72 -7.70
122.72 -7.70
122.70 -7.70
122.68 -7.71
122.66 -7.71
122.64 -7.71
122.62 -7.72
122.60 -7.72
122.59 -7.72
122.58 -7.72
122.56 -7.72
122.54 -7.72
122.52 -7.72
122.50 -7.72
122.48 -7.72
122.46 -7.72
122.44 -7.72
122.42 -7.72
122.40 -7.72
122.40 -7.72
122.38 -7.72
122.36 -7.71
122.34 -7.71
122.32 -7.71
122.30 -7.71
122.28 -7.70
122.27 -7.70
122.26 -7.70
122.24 -7.69
122.22 -7.69
122.20 -7.69
122.18 -7.68
122.17 -7.68
122.16 -7.68
122.14 -7.67
122.12 -7.67
122.10 -7.67
122.08 -7.66
122.07 -7.66
122.06 -7.66
122.04 -7.66
122.02 -7.65
122.00 -7.65
121.98 -7.65
121.96 -7.65
121.94 -7.65
121.92 -7.64
121.90 -7.64
121.88 -7.64
121.86 -7.64
121.84 -7.64
121.82 -7.64
121.80 -7.64
121.78 -7.64
121.76 -7.64
121.74 -7.64
121.72 -7.64
121.70 -7.64
121.68 -7.64
121.66 -7.64
121.64 -7.64
121.62 -7.64
121.60 -7.64
121.58 -7.64
121.56 -7.64
121.54 -7.64
121.53 -7.64
121.52 -7.64
121.50 -7.64
121.48 -7.64
121.46 -7.64
121.44 -7.64
121.42 -7.64
121.40 -7.64
121.38 -7.64
121.36 -7.63
121.34 -7.63
121.32 -7.63
121.30 -7.63
121.28 -7.63
121.26 -7.63
121.24 -7.63
121.22 -7.63
121.20 -7.63
121.18 -7.63
121.16 -7.63
121.14 -7.63
121.12 -7.62
121.10 -7.62
121.08 -7.62
121.06 -7.62
121.04 -7.62
121.04 -7.62
121.02 -7.62
121.00 -7.62
120.98 -7.62
120.96 -7.61
120.94 -7.61
120.92 -7.61
120.90 -7.61
120.88 -7.61
120.86 -7.60
120.84 -7.60
120.82 -7.60
120.82 -7.60
120.80 -7.60
120.78 -7.60
120.76 -7.59
120.74 -7.59
120.72 -7.59
120.70 -7.59
120.68 -7.59
120.66 -7.58
120.64 -7.58
120.62 -7.58
120.62 -7.58
120.60 -7.58
120.58 -7.58
120.56 -7.58
120.54 -7.57
120.52 -7.57
120.50 -7.57
120.48 -7.57
120.46 -7.57
120.44 -7.57
120.42 -7.57
120.40 -7.57
120.38 -7.57
120.36 -7.57
120.34 -7.57
120.32 -7.57
120.30 -7.57
120.28 -7.56
120.26 -7.56
120.24 -7.56
120.22 -7.56
120.20 -7.56
120.18 -7.56
120.16 -7.56
120.14 -7.56
120.12 -7.56
120.10 -7.56
120.08 -7.56
120.06 -7.56
120.04 -7.56
120.02 -7.57
120.00 -7.57
119.98 -7.57
119.96 -7.57
119.94 -7.57
119.92 -7.57
119.90 -7.57
119.88 -7.57
119.86 -7.57
119.84 -7.57
119.82 -7.57
119.80 -7.57
119.78 -7.57
119.76 -7.57
119.74 -7.57
119.72 -7.58
119.70 -7.58
119.68 -7.58
119.66 -7.58
119.65 -7.58
119.64 -7.58
119.62 -7.58
119.60 -7.58
119.58 -7.58
119.56 -7.59
119.54 -7.59
119.52 -7.59
119.50 -7.59
119.48 -7.59
119.46 -7.59
119.44 -7.60
119.42 -7.60
119.40 -7.60
119.39 -7.60
119.38 -7.60
119.36 -7.60
119.34 -7.60
119.32 -7.61
119.30 -7.61
119.28 -7.61
119.26 -7.61
119.24 -7.61
119.22 -7.62
119.20 -7.62
119.18 -7.62
119.18 -7.62
119.16 -7.62
119.14 -7.62
119.12 -7.63
119.10 -7.63
119.08 -7.63
119.06 -7.63
119.04 -7.64
119.03 -7.64
119.02 -7.64
119.00 -7.64
118.98 -7.65
118.96 -7.65
118.94 -7.65
118.92 -7.66
118.91 -7.66
118.90 -7.66
118.88 -7.67
118.86 -7.67
118.84 -7.67
118.82 -7.68
118.80 -7.68
118.80 -7.68
118.78 -7.68
118.76 -7.69
118.74 -7.69
118.72 -7.70
118.71 -7.70
118.70 -7.70
118.68 -7.71
118.66 -7.71
118.64 -7.71
118.62 -7.72
118.62 -7.72
118.60 -7.72
118.58 -7.73
118.56 -7.73
118.54 -7.74
118.53 -7.74
118.52 -7.74
118.50 -7.75
118.48 -7.75
118.46 -7.76
118.46 -7.76
118.44 -7.76
118.42 -7.77
118.40 -7.78
118.40 -7.78
118.38 -7.79
118.36 -7.79
118.34 -7.80
118.34 -7.80
118.32 -7.81
118.30 -7.82
118.29 -7.82
118.28 -7.82
118.26 -7.83
118.24 -7.84
118.24 -7.84
118.22 -7.85
118.20 -7.85
118.18 -7.86
118.18 -7.86
118.16 -7.87
118.14 -7.87
118.12 -7.88
118.12 -7.88
118.10 -7.89
118.08 -7.89
118.06 -7.90
118.04 -7.90
118.04 -7.90
118.02 -7.90
118.00 -7.91
117.98 -7.91
117.96 -7.91
117.94 -7.91
117.92 -7.91
117.90 -7.91
117.88 -7.91
117.86 -7.91
117.84 -7.91
117.82 -7.91
117.80 -7.91
117.78 -7.91
117.76 -7.91
117.74 -7.91
117.72 -7.90
117.70 -7.90
117.68 -7.90
117.67 -7.90
117.66 -7.90
117.64 -7.90
117.62 -7.89
117.60 -7.89
117.58 -7.89
117.56 -7.89
117.54 -7.89
117.52 -7.89
117.50 -7.89
117.48 -7.89
117.46 -7.89
117.44 -7.89
117.42 -7.89
117.40 -7.89
117.38 -7.89
117.36 -7.89
117.34 -7.90
117.32 -7.90
117.30 -7.90
117.28 -7.90
117.26 -7.90
117.26 -7.90
117.24 -7.90
117.22 -7.90
117.20 -7.90
117.18 -7.91
117.16 -7.91
117.14 -7.91
117.12 -7.91
117.10 -7.91
117.08 -7.91
117.06 -7.91
117.04 -7.91
117.02 -7.91
117.00 -7.91
116.98 -7.91
116.96 -7.91
116.94 -7.91
116.92 -7.91
116.90 -7.91
116.88 -7.91
116.86 -7.91
116.84 -7.91
116.82 -7.91
116.80 -7.91
116.78 -7.91
116.76 -7.91
116.74 -7.91
116.72 -7.91
116.70 -7.91
116.68 -7.91
116.66 -7.91
116.64 -7.91
116.62 -7.91
116.60 -7.91
116.58 -7.91
116.56 -7.91
116.54 -7.91
116.52 -7.90
116.50 -7.90
116.48 -7.90
116.47 -7.90
116.46 -7.90
116.44 -7.90
116.42 -7.90
116.40 -7.89
116.38 -7.89
116.36 -7.89
116.34 -7.89
116.32 -7.89
116.30 -7.88
116.28 -7.88
116.26 -7.88
116.25 -7.88
116.24 -7.88
116.22 -7.88
116.20 -7.88
116.18 -7.87
116.16 -7.87
116.14 -7.87
116.12 -7.87
116.10 -7.87
116.08 -7.86
116.06 -7.86
116.04 -7.86
116.03 -7.86
116.02 -7.86
116.00 -7.86
115.98 -7.85
115.96 -7.85
115.94 -7.85
115.92 -7.85
115.90 -7.84
115.88 -7.84
115.87 -7.84
115.86 -7.84
115.84 -7.84
115.82 -7.83
115.80 -7.83
115.78 -7.83
115.76 -7.82
115.74 -7.82
115.73 -7.82
115.72 -7.82
115.70 -7.82
115.68 -7.81
115.66 -7.81
115.64 -7.81
115.62 -7.81
115.60 -7.80
115.58 -7.80
115.58 -7.80
115.56 -7.80
115.54 -7.80
115.52 -7.79
115.50 -7.79
115.48 -7.79
115.46 -7.79
115.44 -7.79
115.42 -7.79
115.40 -7.79
115.38 -7.78
115.36 -7.78
115.34 -7.78
115.32 -7.78
115.30 -7.78
115.28 -7.78
115.28 -7.78
115.26 -7.78
115.24 -7.78
115.22 -7.78
115.20 -7.78
115.18 -7.78
115.16 -7.77
115.14 -7.77
115.12 -7.77
115.10 -7.77
115.08 -7.77
115.06 -7.77
115.04 -7.77
115.02 -7.76
115.00 -7.76
114.99 -7.76
114.98 -7.76
114.96 -7.76
114.94 -7.75
114.92 -7.75
114.90 -7.75
114.88 -7.75
114.86 -7.74
114.85 -7.74
114.84 -7.74
114.82 -7.74
114.80 -7.73
114.78 -7.73
114.76 -7.72
114.74 -7.72
114.74 -7.72
114.72 -7.72
114.70 -7.71
114.68 -7.71
114.66 -7.70
114.65 -7.70
114.64 -7.70
114.62 -7.69
114.60 -7.69
114.58 -7.68
114.56 -7.68
114.56 -7.68
114.54 -7.67
114.52 -7.67
114.50 -7.66
114.49 -7.66
114.48 -7.66
114.46 -7.65
114.44 -7.65
114.42 -7.64
114.42 -7.64
114.40 -7.63
114.38 -7.63
114.36 -7.62
114.36 -7.62
114.34 -7.61
114.32 -7.61
114.30 -7.60
114.30 -7.60
114.28 -7.59
114.26 -7.59
114.24 -7.58
114.24 -7.58
114.22 -7.57
114.20 -7.57
114.19 -7.56
114.18 -7.56
114.16 -7.55
114.14 -7.54
114.14 -7.54
114.12 -7.53
114.10 -7.52
114.09 -7.52
114.08 -7.51
114.06 -7.50
114.05 -7.50
114.04 -7.49
114.02 -7.48
114.02 -7.48
114.00 -7.47
113.98 -7.46
113.98 -7.46
113.96 -7.44
113.95 -7.44
113.94 -7.43
113.93 -7.42
113.92 -7.41
113.90 -7.40
113.90 -7.40
113.88 -7.38
113.88 -7.38
113.86 -7.36
113.86 -7.36
113.84 -7.35
113.83 -7.34
113.82 -7.33
113.81 -7.32
113.80 -7.31
113.79 -7.30
113.78 -7.29
113.77 -7.28
113.76 -7.27
113.75 -7.26
113.74 -7.25
113.73 -7.24
113.72 -7.23
113.70 -7.22
113.70 -7.22
113.68 -7.20
113.68 -7.20
113.66 -7.18
113.65 -7.18
113.64 -7.17
113.63 -7.16
113.62 -7.15
113.60 -7.14
113.60 -7.14
113.58 -7.13
113.57 -7.12
113.56 -7.11
113.54 -7.10
113.54 -7.10
113.52 -7.09
113.50 -7.08
113.50 -7.08
113.48 -7.07
113.46 -7.06
113.46 -7.06
113.44 -7.05
113.43 -7.04
113.42 -7.04
113.40 -7.03
113.38 -7.02
113.38 -7.02
113.36 -7.01
113.34 -7.00
113.34 -7.00
113.32 -6.99
113.30 -6.98
113.30 -6.98
113.28 -6.97
113.26 -6.96
113.25 -6.96
113.24 -6.96
113.22 -6.95
113.20 -6.94
113.20 -6.94
113.18 -6.93
113.16 -6.92
113.15 -6.92
113.14 -6.92
113.12 -6.91
113.10 -6.90
113.09 -6.90
113.08 -6.90
113.06 -6.89
113.04 -6.88
113.03 -6.88
113.02 -6.88
113.00 -6.87
112.98 -6.87
112.96 -6.86
112.96 -6.86
112.94 -6.86
112.92 -6.85
112.90 -6.85
112.88 -6.84
112.87 -6.84
112.86 -6.84
112.84 -6.84
112.82 -6.83
112.80 -6.83
112.78 -6.82
112.76 -6.82
112.75 -6.82
112.74 -6.82
112.72 -6.82
112.70 -6.81
112.68 -6.81
112.66 -6.81
112.64 -6.80
112.62 -6.80
112.61 -6.80
112.60 -6.80
112.58 -6.80
112.56 -6.79
112.54 -6.79
112.52 -6.79
112.50 -6.79
112.48 -6.79
112.46 -6.78
112.44 -6.78
112.42 -6.78
112.40 -6.78
112.40 -6.78
112.38 -6.78
112.36 -6.78
112.34 -6.78
112.32 -6.78
112.30 -6.78
112.28 -6.77
112.26 -6.77
112.24 -6.77
112.22 -6.77
112.20 -6.77
112.18 -6.77
112.16 -6.77
112.14 -6.77
112.12 -6.77
112.10 -6.77
112.08 -6.77
112.06 -6.77
112.04 -6.77
112.02 -6.76
112.00 -6.76
111.98 -6.76
111.96 -6.76
111.95 -6.76
111.94 -6.76
111.92 -6.76
111.90 -6.76
111.88 -6.76
111.86 -6.76
111.84 -6.76
111.82 -6.76
111.80 -6.75
111.78 -6.75
111.76 -6.75
111.74 -6.75
111.72 -6.75
111.70 -6.75
111.68 -6.75
111.66 -6.75
111.64 -6.74
111.62 -6.74
111.61 -6.74
111.60 -6.74
111.58 -6.74
111.56 -6.73
111.54 -6.73
111.52 -6.73
111.50 -6.72
111.49 -6.72
111.48 -6.72
111.46 -6.71
111.44 -6.71
111.42 -6.70
111.42 -6.70
111.40 -6.69
111.38 -6.68
111.37 -6.68
111.36 -6.68
111.34 -6.67
111.32 -6.66
111.31 -6.66
111.30 -6.66
111.28 -6.65
111.26 -6.64
111.25 -6.64
111.24 -6.64
111.22 -6.63
111.20 -6.63
111.18 -6.62
111.17 -6.62
111.16 -6.62
111.14 -6.62
111.12 -6.61
111.10 -6.61
111.08 -6.61
111.06 -6.61
111.04 -6.61
111.02 -6.61
111.00 -6.61
110.98 -6.61
110.96 -6.61
110.94 -6.62
110.93 -6.62
110.92 -6.62
110.90 -6.63
110.88 -6.63
110.86 -6.64
110.85 -6.64
110.84 -6.64
110.82 -6.65
110.80 -6.66
110.80 -6.66
110.78 -6.67
110.76 -6.67
110.75 -6.68
110.74 -6.68
110.72 -6.69
110.70 -6.70
110.70 -6.70
110.68 -6.71
110.66 -6.72
110.66 -6.72
110.64 -6.73
110.62 -6.74
110.62 -6.74
110.60 -6.75
110.58 -6.76
110.58 -6.76
110.56 -6.77
110.54 -6.78
110.53 -6.78
110.52 -6.78
110.50 -6.79
110.48 -6.80
110.47 -6.80
110.46 -6.80
110.44 -6.81
110.42 -6.82
110.41 -6.82
110.40 -6.82
110.38 -6.83
110.36 -6.84
110.35 -6.84
110.34 -6.84
110.32 -6.85
110.30 -6.86
110.29 -6.86
110.28 -6.86
110.26 -6.87
110.24 -6.87
110.22 -6.88
110.20 -6.88
110.20 -6.88
110.18 -6.88
110.16 -6.89
110.14 -6.89
110.12 -6.89
110.10 -6.90
110.08 -6.90
110.06 -6.90
110.04 -6.90
110.02 -6.90
110.00 -6.90
109.98 -6.90
109.96 -6.89
109.94 -6.89
109.92 -6.89
109.90 -6.89
109.88 -6.88
109.88 -6.88
109.86 -6.88
109.84 -6.87
109.82 -6.87
109.80 -6.86
109.80 -6.86
109.78 -6.85
109.76 -6.85
109.74 -6.84
109.73 -6.84
109.72 -6.84
109.70 -6.83
109.68 -6.83
109.66 -6.82
109.66 -6.82
109.64 -6.81
109.62 -6.81
109.60 -6.80
109.59 -6.80
109.58 -6.80
109.56 -6.79
109.54 -6.79
109.52 -6.78
109.51 -6.78
109.50 -6.78
109.48 -6.77
109.46 -6.77
109.44 -6.76
109.43 -6.76
109.42 -6.76
109.40 -6.75
109.38 -6.75
109.36 -6.75
109.34 -6.74
109.34 -6.74
109.32 -6.74
109.30 -6.73
109.28 -6.73
109.26 -6.72
109.25 -6.72
109.24 -6.72
109.22 -6.71
109.20 -6.71
109.18 -6.70
109.17 -6.70
109.16 -6.70
109.14 -6.69
109.12 -6.69
109.10 -6.68
109.09 -6.68
109.08 -6.68
109.06 -6.67
109.04 -6.67
109.02 -6.66
109.01 -6.66
109.00 -6.66
108.98 -6.65
108.96 -6.64
108.95 -6.64
108.94 -6.64
108.92 -6.63
108.90 -6.62
108.89 -6.62
108.88 -6.62
108.86 -6.61
108.84 -6.60
108.83 -6.60
108.82 -6.59
108.80 -6.59
108.78 -6.58
108.78 -6.58
108.76 -6.57
108.74 -6.56
108.74 -6.56
108.72 -6.55
108.70 -6.55
108.69 -6.54
108.68 -6.54
108.66 -6.53
108.64 -6.52
108.64 -6.52
108.62 -6.51
108.60 -6.50
108.59 -6.50
108.58 -6.49
108.56 -6.49
108.54 -6.48
108.54 -6.48
108.52 -6.47
108.50 -6.46
108.49 -6.46
108.48 -6.46
108.46 -6.45
108.44 -6.44
108.43 -6.44
108.42 -6.44
108.40 -6.43
108.38 -6.43
108.36 -6.42
108.36 -6.42
108.34 -6.41
108.32 -6.41
108.30 -6.40
108.29 -6.40
108.28 -6.40
108.26 -6.39
108.24 -6.39
108.22 -6.38
108.21 -6.38
108.20 -6.38
108.18 -6.37
108.16 -6.37
108.14 -6.36
108.14 -6.36
108.12 -6.35
108.10 -6.35
108.08 -6.34
108.07 -6.34
108.06 -6.34
108.04 -6.33
108.02 -6.32
108.01 -6.32
108.00 -6.32
107.98 -6.31
107.96 -6.30
107.95 -6.30
107.94 -6.30
107.92 -6.29
107.90 -6.28
107.90 -6.28
107.88 -6.27
107.86 -6.27
107.84 -6.26
107.84 -6.26
107.82 -6.25
107.80 -6.24
107.79 -6.24
107.78 -6.24
107.76 -6.23
107.74 -6.22
107.74 -6.22
107.72 -6.21
107.70 -6.20
107.69 -6.20
107.68 -6.19
107.66 -6.19
107.65 -6.18
107.64 -6.18
107.62 -6.17
107.60 -6.16
107.60 -6.16
107.58 -6.15
107.56 -6.14
107.56 -6.14
107.54 -6.13
107.52 -6.12
107.52 -6.12
107.50 -6.11
107.48 -6.10
107.47 -6.10
107.46 -6.09
107.44 -6.08
107.43 -6.08
107.42 -6.07
107.40 -6.06
107.39 -6.06
107.38 -6.05
107.36 -6.04
107.35 -6.04
107.34 -6.03
107.32 -6.02
107.31 -6.02
107.30 -6.01
107.28 -6.00
107.27 -6.00
107.26 -5.99
107.24 -5.98
107.23 -5.98
107.22 -5.97
107.20 -5.96
107.19 -5.96
107.18 -5.95
107.16 -5.94
107.15 -5.94
107.14 -5.93
107.12 -5.92
107.12 -5.92
107.10 -5.91
107.08 -5.90
107.08 -5.90
107.06 -5.89
107.05 -5.88
107.04 -5.87
107.02 -5.86
107.02 -5.86
107.00 -5.85
106.99 -5.84
106.98 -5.83
106.96 -5.82
106.96 -5.82
106.94 -5.80
106.94 -5.80
106.92 -5.79
106.91 -5.78
106.90 -5.77
106.89 -5.76
106.88 -5.75
106.87 -5.74
106.86 -5.74
106.84 -5.72
106.84 -5.72
106.82 -5.70
106.82 -5.70
106.80 -5.68
106.80 -5.68
106.78 -5.66
106.78 -5.66
106.76 -5.64
106.76 -5.64
106.74 -5.63
106.73 -5.62
106.72 -5.61
106.71 -5.60
106.70 -5.59
106.69 -5.58
106.68 -5.57
106.67 -5.56
106.66 -5.55
106.65 -5.54
106.64 -5.53
106.63 -5.52
106.62 -5.51
106.61 -5.50
106.60 -5.49
106.59 -5.48
106.58 -5.47
106.57 -5.46
106.56 -5.45
106.55 -5.44
106.54 -5.43
106.53 -5.42
106.52 -5.41
106.51 -5.40
106.50 -5.39
106.49 -5.38
106.48 -5.37
106.47 -5.36
106.46 -5.35
106.45 -5.34
106.44 -5.33
106.43 -5.32
106.42 -5.31
106.41 -5.30
106.40 -5.29
106.39 -5.28
106.38 -5.27
106.37 -5.26
106.36 -5.25
106.35 -5.24
106.34 -5.23
106.33 -5.22
106.32 -5.21
106.31 -5.20
106.30 -5.19
106.30 -5.18
106.28 -5.16
106.28 -5.16
106.26 -5.14
106.26 -5.14
106.24 -5.12
106.24 -5.12
106.22 -5.10
106.22 -5.10
106.20 -5.08
106.20 -5.08
106.18 -5.06
106.18 -5.06
106.16 -5.04
106.16 -5.04
106.14 -5.02
106.14 -5.02
106.12 -5.00
106.12 -5.00
106.11 -4.98
106.10 -4.97
106.09 -4.96
106.08 -4.95
106.07 -4.94
106.06 -4.93
106.05 -4.92
106.04 -4.91
106.04 -4.90
106.02 -4.88
106.02 -4.88
106.00 -4.86
106.00 -4.86
105.99 -4.84
105.98 -4.83
105.97 -4.82
105.96 -4.81
105.96 -4.80
105.94 -4.78
105.94 -4.78
105.93 -4.76
105.92 -4.75
105.91 -4.74
105.90 -4.73
105.90 -4.72
105.88 -4.70
105.88 -4.70
105.86 -4.68
105.86 -4.67
105.85 -4.66
105.84 -4.65
105.83 -4.64
105.82 -4.63
105.82 -4.62
105.80 -4.60
105.80 -4.60
105.78 -4.58
105.78 -4.58
105.76 -4.56
105.76 -4.56
105.74 -4.54
105.74 -4.54
105.72 -4.52
105.72 -4.52
105.70 -4.50
105.70 -4.50
105.68 -4.49
105.67 -4.48
105.66 -4.47
105.64 -4.46
105.64 -4.46
105.62 -4.44
105.62 -4.44
105.60 -4.43
105.58 -4.42
105.58 -4.42
105.56 -4.41
105.55 -4.40
105.54 -4.40
105.52 -4.39
105.51 -4.38
105.50 -4.38
105.48 -4.37
105.46 -4.36
105.46 -4.36
105.44 -4.35
105.42 -4.35
105.40 -4.34
105.40 -4.34
105.38 -4.33
105.36 -4.33
105.34 -4.32
105.32 -4.32
105.32 -4.32
105.30 -4.31
105.28 -4.31
105.26 -4.31
105.24 -4.30
105.23 -4.30
105.22 -4.30
105.20 -4.29
105.18 -4.29
105.16 -4.28
105.14 -4.28
105.14 -4.28
105.12 -4.28
105.10 -4.27
105.08 -4.27
105.06 -4.26
105.05 -4.26
105.04 -4.26
105.02 -4.25
105.00 -4.25
104.98 -4.24
104.98 -4.24
104.96 -4.23
104.94 -4.23
104.92 -4.22
104.92 -4.22
104.90 -4.21
104.88 -4.21
104.86 -4.20
104.86 -4.20
104.84 -4.19
104.82 -4.19
104.80 -4.18
104.80 -4.18
104.78 -4.17
104.76 -4.16
104.75 -4.16
104.74 -4.16
104.72 -4.15
104.70 -4.14
104.70 -4.14
104.68 -4.13
104.66 -4.12
104.66 -4.12
104.64 -4.11
104.62 -4.10
104.62 -4.10
104.60 -4.09
104.58 -4.08
104.58 -4.08
104.56 -4.07
104.55 -4.06
104.54 -4.05
104.52 -4.04
104.52 -4.04
104.50 -4.03
104.49 -4.02
104.48 -4.02
104.46 -4.00
104.46 -4.00
104.44 -3.99
104.43 -3.98
104.42 -3.97
104.41 -3.96
104.40 -3.95
104.38 -3.94
104.38 -3.94
104.36 -3.92
104.36 -3.92
104.34 -3.90
104.34 -3.90
104.32 -3.88
104.32 -3.88
104.30 -3.86
104.30 -3.86
104.28 -3.84
104.28 -3.84
104.26 -3.82
104.26 -3.82
104.24 -3.80
104.24 -3.80
104.22 -3.78
104.22 -3.78
104.20 -3.76
104.20 -3.76
104.18 -3.74
104.18 -3.74
104.16 -3.72
104.16 -3.72
104.14 -3.70
104.14 -3.70
104.13 -3.68
104.12 -3.67
104.11 -3.66
104.10 -3.65
104.09 -3.64
104.08 -3.63
104.07 -3.62
104.06 -3.61
104.05 -3.60
104.04 -3.59
104.03 -3.58
104.02 -3.57
104.01 -3.56
104.00 -3.55
103.99 -3.54
103.98 -3.53
103.97 -3.52
103.96 -3.51
103.95 -3.50
103.94 -3.49
103.93 -3.48
103.92 -3.47
103.91 -3.46
103.90 -3.45
103.89 -3.44
103.88 -3.43
103.87 -3.42
103.86 -3.41
103.85 -3.40
103.84 -3.39
103.83 -3.38
103.82 -3.37
103.80 -3.36
103.80 -3.36
103.78 -3.34
103.78 -3.34
103.76 -3.32
103.76 -3.32
103.74 -3.30
103.74 -3.30
103.72 -3.28
103.72 -3.28
103.70 -3.26
103.70 -3.26
103.68 -3.25
103.67 -3.24
103.66 -3.23
103.65 -3.22
103.64 -3.21
103.63 -3.20
103.62 -3.19
103.61 -3.18
103.60 -3.17
103.59 -3.16
103.58 -3.15
103.57 -3.14
103.56 -3.13
103.55 -3.12
103.54 -3.11
103.53 -3.10
103.52 -3.09
103.51 -3.08
103.50 -3.07
103.49 -3.06
103.48 -3.04
103.48 -3.04
103.46 -3.02
103.46 -3.02
103.44 -3.00
103.44 -3.00
103.43 -2.98
103.42 -2.97
103.41 -2.96
103.40 -2.95
103.39 -2.94
103.38 -2.92
103.38 -2.92
103.36 -2.90
103.36 -2.90
103.35 -2.88
103.34 -2.87
103.33 -2.86
103.32 -2.84
103.32 -2.84
103.30 -2.82
103.30 -2.82
103.29 -2.80
103.28 -2.79
103.27 -2.78
103.26 -2.76
103.26 -2.76
103.24 -2.74
103.24 -2.74
103.23 -2.72
103.22 -2.71
103.21 -2.70
103.20 -2.69
103.19 -2.68
103.18 -2.66
103.18 -2.66
103.16 -2.64
103.16 -2.64
103.15 -2.62
103.14 -2.61
103.13 -2.60
103.12 -2.59
103.11 -2.58
103.10 -2.56
103.10 -2.56
103.08 -2.54
103.08 -2.54
103.06 -2.52
103.06 -2.52
103.05 -2.50
103.04 -2.49
103.03 -2.48
103.02 -2.47
103.01 -2.46
103.00 -2.45
103.00 -2.44
102.98 -2.42
102.98 -2.42
102.96 -2.40
102.96 -2.40
102.94 -2.38
102.94 -2.38
102.92 -2.36
102.92 -2.36
102.91 -2.34
102.90 -2.33
102.89 -2.32
102.88 -2.31
102.87 -2.30
102.86 -2.29
102.85 -2.28
102.84 -2.27
102.83 -2.26
102.82 -2.25
102.81 -2.24
102.80 -2.23
102.79 -2.22
102.78 -2.21
102.77 -2.20
102.76 -2.18
102.76 -2.18
102.74 -2.16
102.74 -2.16
102.72 -2.14
102.72 -2.14
102.70 -2.12
102.70 -2.12
102.68 -2.10
102.68 -2.10
102.66 -2.08
102.66 -2.08
102.64 -2.06
102.64 -2.06
102.63 -2.04
102.62 -2.03
102.61 -2.02
102.60 -2.01
102.59 -2.00
102.58 -1.99
102.58 -1.98
102.56 -1.96
102.56 -1.96
102.54 -1.94
102.54 -1.94
102.53 -1.92
102.52 -1.91
102.51 -1.90
102.50 -1.88
102.50 -1.88
102.48 -1.86
102.48 -1.86
102.47 -1.84
102.46 -1.83
102.45 -1.82
102.44 -1.80
102.44 -1.80
102.43 -1.78
102.42 -1.77
102.41 -1.76
102.40 -1.74
102.40 -1.74
102.39 -1.72
102.38 -1.71
102.37 -1.70
102.36 -1.68
102.36 -1.68
102.35 -1.66
102.34 -1.65
102.34 -1.64
102.32 -1.62
102.32 -1.62
102.31 -1.60
102.30 -1.58
102.30 -1.58
102.28 -1.56
102.28 -1.55
102.27 -1.54
102.26 -1.52
102.26 -1.52
102.25 -1.50
102.24 -1.49
102.23 -1.48
102.22 -1.46
102.22 -1.46
102.21 -1.44
102.20 -1.43
102.20 -1.42
102.18 -1.40
102.18 -1.40
102.17 -1.38
102.16 -1.37
102.16 -1.36
102.14 -1.34
102.14 -1.34
102.13 -1.32
102.12 -1.31
102.11 -1.30
102.10 -1.28
102.10 -1.28
102.09 -1.26
102.08 -1.25
102.07 -1.24
102.06 -1.22
102.06 -1.22
102.04 -1.20
102.04 -1.20
102.03 -1.18
102.02 -1.17
102.01 -1.16
102.00 -1.14
102.00 -1.14
101.98 -1.12
101.98 -1.12
101.97 -1.10
101.96 -1.09
101.95 -1.08
101.94 -1.06
101.94 -1.06
101.92 -1.04
101.92 -1.03
101.91 -1.02
101.90 -1.01
101.90 -1.00
101.88 -0.98
101.88 -0.98
101.87 -0.96
101.86 -0.95
101.85 -0.94
101.84 -0.92
101.84 -0.92
101.82 -0.90
101.82 -0.90
101.81 -0.88
101.80 -0.87
101.79 -0.86
101.78 -0.84
101.78 -0.84
101.76 -0.82
101.76 -0.82
101.75 -0.80
101.74 -0.79
101.73 -0.78
101.72 -0.77
101.71 -0.76
101.70 -0.74
101.70 -0.74
101.68 -0.72
101.68 -0.72
101.66 -0.70
101.66 -0.69
101.65 -0.68
101.64 -0.67
101.63 -0.66
101.62 -0.64
101.62 -0.64
101.60 -0.62
101.60 -0.62
101.58 -0.60
101.58 -0.59
101.57 -0.58
101.56 -0.57
101.55 -0.56
101.54 -0.54
101.54 -0.54
101.53 -0.52
101.52 -0.51
101.51 -0.50
101.50 -0.48
101.50 -0.48
101.49 -0.46
101.48 -0.45
101.48 -0.44
101.46 -0.42
101.46 -0.41
101.45 -0.40
101.44 -0.38
101.44 -0.37
101.43 -0.36
101.42 -0.34
101.42 -0.34
101.41 -0.32
101.40 -0.30
101.40 -0.30
101.39 -0.28
101.38 -0.26
101.38 -0.25
101.37 -0.24
101.36 -0.22
101.36 -0.21
101.35 -0.20
101.34 -0.18
101.34 -0.17
101.34 -0.16
101.33 -0.14
101.32 -0.13
101.32 -0.12
101.31 -0.10
101.30 -0.08
101.30 -0.08
101.29 -0.06
101.28 -0.04
101.28 -0.04
101.27 -0.02
101.26 0.00
101.26 0.01
101.25 0.02
101.25 0.04
101.24 0.05
101.24 0.06
101.23 0.08
101.22 0.10
101.22 0.11
101.22 0.12
101.21 0.14
101.20 0.16
101.20 0.17
101.20 0.18
101.19 0.20
101.19 0.22
101.18 0.24
101.18 0.24
101.18 0.26
101.17 0.28
101.17 0.30
101.16 0.32
101.16 0.32
101.15 0.34
101.15 0.36
101.14 0.38
101.14 0.39
101.14 0.40
101.13 0.42
101.13 0.44
101.12 0.46
101.12 0.46
101.11 0.48
101.11 0.50
101.10 0.52
101.10 0.52
101.09 0.54
101.08 0.56
101.08 0.56
101.07 0.58
101.06 0.60
101.06 0.61
101.06 0.62
101.05 0.64
101.04 0.65
101.04 0.66
101.03 0.68
101.02 0.69
101.02 0.70
101.01 0.72
101.00 0.73
101.00 0.74
100.99 0.76
100.98 0.77
100.97 0.78
100.96 0.80
100.96 0.81
100.95 0.82
100.94 0.84
100.94 0.84
100.93 0.86
100.92 0.88
100.92 0.88
100.91 0.90
100.90 0.91
100.89 0.92
100.88 0.94
100.88 0.94
100.87 0.96
100.86 0.98
100.86 0.98
100.85 1.00
100.84 1.02
100.84 1.02
100.83 1.04
100.82 1.05
100.82 1.06
100.81 1.08
100.80 1.09
100.80 1.10
100.79 1.12
100.78 1.13
100.78 1.14
100.76 1.16
100.76 1.17
100.75 1.18
100.74 1.20
100.74 1.21
100.73 1.22
100.73 1.24
100.72 1.25
100.72 1.26
100.71 1.28
100.70 1.29
100.70 1.30
100.69 1.32
100.68 1.34
100.68 1.34
100.67 1.36
100.66 1.38
100.66 1.38
100.65 1.40
100.64 1.42
100.64 1.43
100.63 1.44
100.63 1.46
100.62 1.47
100.62 1.48
100.61 1.50
100.60 1.52
100.60 1.52
100.59 1.54
100.59 1.56
100.58 1.57
100.58 1.58
100.57 1.60
100.56 1.62
100.56 1.63
100.56 1.64
100.55 1.66
100.54 1.68
100.54 1.69
100.54 1.70
100.53 1.72
100.52 1.74
100.52 1.75
100.52 1.76
100.51 1.78
100.51 1.80
100.50 1.82
100.50 1.82
100.49 1.84
100.49 1.86
100.48 1.88
100.48 1.89
100.48 1.90
100.47 1.92
100.47 1.94
100.46 1.96
100.46 1.96
100.45 1.98
100.45 2.00
100.44 2.02
100.44 2.04
100.44 2.04
100.43 2.06
100.43 2.08
100.42 2.10
100.42 2.12
100.42 2.12
100.42 2.14
100.41 2.16
100.41 2.18
100.40 2.20
100.40 2.22
100.40 2.22
100.40 2.24
100.39 2.26
100.39 2.28
100.39 2.30
100.38 2.32
100.38 2.33
100.38 2.34
100.38 2.36
100.37 2.38
100.37 2.40
100.36 2.42
100.36 2.44
100.36 2.44
100.35 2.46
100.35 2.48
100.35 2.50
100.34 2.52
100.34 2.52
100.34 2.54
100.33 2.56
100.33 2.58
100.32 2.60
100.32 2.60
100.31 2.62
100.31 2.64
100.30 2.66
100.30 2.67
100.30 2.68
100.29 2.70
100.29 2.72
100.28 2.74
100.28 2.74
100.27 2.76
100.27 2.78
100.26 2.80
100.26 2.80
100.26 2.82
100.25 2.84
100.24 2.86
100.24 2.86
100.23 2.88
100.23 2.90
100.22 2.92
100.22 2.92
100.21 2.94
100.20 2.96
100.20 2.97
100.20 2.98
100.19 3.00
100.18 3.02
100.18 3.02
100.17 3.04
100.16 3.06
100.16 3.07
100.15 3.08
100.15 3.10
100.14 3.11
100.14 3.12
100.13 3.14
100.12 3.15
100.12 3.16
100.11 3.18
100.10 3.19
100.10 3.20
100.09 3.22
100.08 3.23
100.07 3.24
100.06 3.26
100.06 3.27
100.05 3.28
100.04 3.30
100.04 3.30
100.03 3.32
100.02 3.33
100.02 3.34
100.00 3.36
100.00 3.37
99.99 3.38
99.98 3.40
99.98 3.40
99.96 3.42
99.96 3.43
99.95 3.44
99.94 3.46
99.94 3.46
99.92 3.48
99.92 3.49
99.91 3.50
99.90 3.51
99.90 3.52
99.88 3.54
99.88 3.54
99.87 3.56
99.86 3.57
99.85 3.58
99.84 3.59
99.84 3.60
99.82 3.62
99.82 3.62
99.80 3.64
99.80 3.64
99.79 3.66
99.78 3.67
99.77 3.68
99.76 3.69
99.75 3.70
99.74 3.71
99.73 3.72
99.72 3.73
99.72 3.74
99.70 3.76
99.70 3.76
99.68 3.78
99.68 3.78
99.66 3.80
99.66 3.80
99.64 3.82
99.64 3.82
99.62 3.84
99.62 3.84
99.60 3.86
99.60 3.86
99.58 3.88
99.58 3.88
99.56 3.90
99.56 3.90
99.54 3.92
99.54 3.92
99.52 3.94
99.52 3.94
99.50 3.95
99.49 3.96
99.48 3.97
99.47 3.98
99.46 3.99
99.45 4.00
99.44 4.01
99.43 4.02
99.42 4.03
99.40 4.04
99.40 4.04
99.38 4.06
99.38 4.06
99.36 4.08
99.36 4.08
99.34 4.10
99.33 4.10
99.32 4.11
99.31 4.12
99.30 4.13
99.29 4.14
99.28 4.15
99.26 4.16
99.26 4.16
99.24 4.18
99.24 4.18
99.22 4.20
99.22 4.20
99.20 4.21
99.19 4.22
99.18 4.23
99.17 4.24
99.16 4.25
99.14 4.26
99.14 4.26
99.12 4.28
99.12 4.28
99.10 4.30
99.10 4.30
99.08 4.31
99.07 4.32
99.06 4.33
99.05 4.34
99.04 4.35
99.03 4.36
99.02 4.37
99.00 4.38
99.00 4.38
98.98 4.40
98.98 4.40
98.96 4.42
98.96 4.42
98.94 4.43
98.93 4.44
98.92 4.45
98.91 4.46
98.90 4.47
98.89 4.48
98.88 4.48
98.86 4.50
98.86 4.50
98.84 4.52
98.84 4.52
98.82 4.53
98.81 4.54
98.80 4.55
98.79 4.56
98.78 4.57
98.76 4.58
98.76 4.58
98.74 4.60
98.74 4.60
98.72 4.61
98.71 4.62
98.70 4.63
98.69 4.64
98.68 4.65
98.66 4.66
98.66 4.66
98.64 4.68
98.64 4.68
98.62 4.69
98.61 4.70
98.60 4.71
98.59 4.72
98.58 4.72
98.56 4.74
98.56 4.74
98.54 4.75
98.53 4.76
98.52 4.77
98.51 4.78
98.50 4.78
98.48 4.80
98.48 4.80
98.46 4.81
98.45 4.82
98.44 4.83
98.43 4.84
98.42 4.84
98.40 4.86
98.40 4.86
98.38 4.87
98.37 4.88
98.36 4.89
98.34 4.90
98.34 4.90
98.32 4.92
98.32 4.92
98.30 4.93
98.29 4.94
98.28 4.94
98.26 4.96
98.26 4.96
98.24 4.97
98.23 4.98
98.22 4.98
98.20 5.00
98.20 5.00
98.18 5.01
98.17 5.02
98.16 5.02
98.14 5.04
98.13 5.04
98.12 5.05
98.10 5.06
98.10 5.06
98.08 5.07
98.07 5.08
98.06 5.08
98.04 5.10
98.03 5.10
98.02 5.11
98.00 5.12
98.00 5.12
97.98 5.13
97.96 5.14
97.96 5.14
97.94 5.15
97.92 5.16
97.92 5.16
97.90 5.17
97.89 5.18
97.88 5.18
97.86 5.19
97.85 5.20
97.84 5.20
97.82 5.21
97.81 5.22
97.80 5.22
97.78 5.23
97.77 5.24
97.76 5.24
97.74 5.25
97.73 5.26
97.72 5.26
97.70 5.27
97.69 5.28
97.68 5.28
97.66 5.29
97.64 5.30
97.64 5.30
97.62 5.31
97.60 5.32
97.60 5.32
97.58 5.33
97.56 5.34
97.56 5.34
97.54 5.35
97.52 5.36
97.52 5.36
97.50 5.37
97.48 5.38
97.47 5.38
97.46 5.39
97.44 5.39
97.43 5.40
97.42 5.40
97.40 5.41
97.38 5.42
97.38 5.42
97.36 5.43
97.34 5.44
97.34 5.44
97.32 5.45
97.30 5.46
97.29 5.46
97.28 5.46
97.26 5.47
97.24 5.48
97.24 5.48
97.22 5.49
97.20 5.50
97.20 5.50
97.18 5.51
97.16 5.52
97.15 5.52
97.14 5.52
97.12 5.53
97.10 5.54
97.10 5.54
97.08 5.55
97.06 5.56
97.06 5.56
97.04 5.57
97.02 5.58
97.01 5.58
97.00 5.59
96.98 5.59
96.97 5.60
96.96 5.60
96.94 5.61
96.92 5.62
96.92 5.62
96.90 5.63
96.88 5.64
96.87 5.64
96.86 5.65
96.84 5.65
96.83 5.66
96.82 5.66
96.80 5.67
96.78 5.68
96.78 5.68
96.76 5.69
96.74 5.70
96.73 5.70
96.72 5.70
96.70 5.71
96.68 5.72
96.68 5.72
96.66 5.73
96.64 5.74
96.64 5.74
96.62 5.75
96.60 5.76
96.59 5.76
96.58 5.76
96.56 5.77
96.54 5.78
96.54 5.78
96.52 5.79
96.50 5.80
96.50 5.80
96.48 5.81
96.46 5.82
96.45 5.82
96.44 5.83
96.42 5.84
96.41 5.84
96.40 5.84
96.38 5.85
96.36 5.86
96.36 5.86
96.34 5.87
96.32 5.88
96.32 5.88
96.30 5.89
96.28 5.90
96.27 5.90
96.26 5.91
96.24 5.91
96.23 5.92
96.22 5.92
96.20 5.93
96.19 5.94
96.18 5.94
96.16 5.95
96.15 5.96
96.14 5.96
96.12 5.98
96.11 5.98
96.10 5.99
96.08 6.00
96.08 6.00
96.06 6.01
96.05 6.02
96.04 6.03
96.03 6.04
96.02 6.04
96.00 6.06
96.00 6.06
95.98 6.08
95.98 6.08
95.96 6.10
95.96 6.10
95.94 6.12
95.94 6.12
95.92 6.14
95.92 6.14
95.90 6.16
95.90 6.16
95.88 6.18
95.88 6.18
95.86 6.20
95.86 6.20
95.85 6.22
95.84 6.23
95.83 6.24
95.82 6.25
95.81 6.26
95.80 6.27
95.80 6.28
95.78 6.30
95.78 6.30
95.76 6.32
95.76 6.32
95.75 6.34
95.74 6.35
95.73 6.36
95.72 6.38
95.72 6.38
95.70 6.40
95.70 6.40
95.69 6.42
95.68 6.43
95.67 6.44
95.66 6.46
95.66 6.46
95.64 6.48
95.64 6.48
95.63 6.50
95.62 6.51
95.61 6.52
95.60 6.54
95.60 6.54
95.59 6.56
95.58 6.57
95.57 6.58
95.56 6.60
95.56 6.60
95.55 6.62
95.54 6.63
95.53 6.64
95.52 6.66
95.52 6.66
95.51 6.68
95.50 6.69
95.50 6.70
95.48 6.72
95.48 6.73
95.47 6.74
95.46 6.76
95.46 6.76
95.45 6.78
95.44 6.80
95.44 6.80
95.43 6.82
95.42 6.83
95.42 6.84
95.41 6.86
95.40 6.87
95.40 6.88
95.39 6.90
95.38 6.91
95.38 6.92
95.37 6.94
95.36 6.96
95.36 6.96
95.35 6.98
95.34 7.00
95.34 7.00
95.33 7.02
95.33 7.04
95.32 7.06
95.32 7.06
95.31 7.08
95.31 7.10
95.30 7.12
95.30 7.13
95.30 7.14
95.29 7.16
95.29 7.18
95.28 7.20
95.28 7.21
95.28 7.22
95.27 7.24
95.27 7.26
95.27 7.28
95.26 7.30
95.26 7.32
95.26 7.32
95.26 7.34
95.25 7.36
95.25 7.38
95.25 7.40
95.24 7.42
95.24 7.43
95.24 7.44
95.24 7.46
95.23 7.48
95.23 7.50
95.22 7.52
95.22 7.54
95.22 7.54
95.22 7.56
95.21 7.58
95.21 7.60
95.21 7.62
95.20 7.64
95.20 7.65
95.20 7.66
95.19 7.68
95.19 7.70
95.19 7.72
95.18 7.74
95.18 7.76
95.18 7.76
95.18 7.78
95.17 7.80
95.17 7.82
95.17 7.84
95.16 7.86
95.16 7.88
95.16 7.89
95.16 7.90
95.16 7.92
95.15 7.94
95.15 7.96
95.15 7.98
95.15 8.00
95.15 8.02
95.14 8.04
95.14 8.06
95.14 8.08
95.14 8.10
95.14 8.12
95.14 8.14
95.14 8.16
95.14 8.18
95.14 8.20
95.14 8.22
95.14 8.24
95.14 8.26
95.14 8.28
95.14 8.30
95.15 8.32
95.15 8.34
95.15 8.36
95.15 8.38
95.15 8.40
95.15 8.42
95.15 8.44
95.15 8.46
95.16 8.48
95.16 8.50
95.16 8.52
95.16 8.53
95.16 8.54
95.16 8.56
95.16 8.58
95.17 8.60
95.17 8.62
95.17 8.64
95.17 8.66
95.18 8.68
95.18 8.70
95.18 8.70
95.18 8.72
95.19 8.74
95.19 8.76
95.19 8.78
95.19 8.80
95.20 8.82
95.20 8.84
95.20 8.84
95.20 8.86
95.21 8.88
95.21 8.90
95.21 8.92
95.21 8.94
95.21 8.96
95.22 8.98
95.22 9.00
95.22 9.02
95.22 9.02
95.22 9.04
95.22 9.06
95.22 9.08
95.23 9.10
95.23 9.12
95.23 9.14
95.23 9.16
95.23 9.18
95.23 9.20
95.23 9.22
95.23 9.24
95.23 9.26
95.23 9.28
95.23 9.30
95.24 9.32
95.24 9.34
95.24 9.36
95.24 9.38
95.24 9.40
95.24 9.42
95.24 9.44
95.24 9.46
95.24 9.48
95.24 9.50
95.24 9.52
95.24 9.54
95.24 9.56
95.23 9.58
95.23 9.60
95.23 9.62
95.23 9.64
95.23 9.66
95.23 9.68
95.23 9.70
95.23 9.72
95.23 9.74
95.22 9.76
95.22 9.78
95.22 9.80
95.22 9.81
95.22 9.82
95.22 9.84
95.22 9.86
95.21 9.88
95.21 9.90
95.21 9.92
95.21 9.94
95.21 9.96
95.20 9.98
95.20 10.00
95.20 10.01
95.20 10.02
95.20 10.04
95.19 10.06
95.19 10.08
95.19 10.10
95.18 10.12
95.18 10.14
95.18 10.15
95.18 10.16
95.18 10.18
95.17 10.20
95.17 10.22
95.16 10.24
95.16 10.26
95.16 10.27
95.16 10.28
95.15 10.30
95.15 10.32
95.15 10.34
95.14 10.36
95.14 10.37
95.14 10.38
95.13 10.40
95.13 10.42
95.13 10.44
95.12 10.46
95.12 10.48
95.12 10.48
95.12 10.50
95.11 10.52
95.11 10.54
95.11 10.56
95.10 10.58
95.10 10.60
95.10 10.60
95.10 10.62
95.09 10.64
95.09 10.66
95.09 10.68
95.08 10.70
95.08 10.72
95.08 10.73
95.08 10.74
95.08 10.76
95.07 10.78
95.07 10.80
95.07 10.82
95.06 10.84
95.06 10.86
95.06 10.86
95.06 10.88
95.05 10.90
95.05 10.92
95.05 10.94
95.04 10.96
95.04 10.97
95.04 10.98
95.03 11.00
91.4800 9.8900
