-78.080 4.832
-78.342 4.066
-78.662 3.392
-79.165 2.780
-79.478 2.427
-79.791 2.074
-80.292 1.549
-80.574 1.053
-80.887 0.432
-81.229 -0.284
-81.415 -1.095
-81.599 -1.814
-81.532 -2.437
-81.652 -3.000
-81.599 -3.245
-81.926 -3.721
-82.010 -4.504
-81.999 -5.253
-81.954 -6.003
-81.784 -6.655
-81.549 -7.306
-81.375 -7.988
-81.041 -8.665
-80.701 -9.434
-80.368 -9.921
-79.997 -10.560
-79.618 -11.291
-79.147 -11.890
-78.665 -12.641
-78.407 -13.014
-78.148 -13.387
-77.639 -13.914
-77.125 -14.467
-76.765 -14.843
-76.403 -15.219
-75.916 -15.736
-75.292 -16.330
-74.609 -16.823
-73.949 -17.373
-73.400 -17.747
-72.737 -18.257
-72.266 -18.721
-71.746 -19.298
-71.487 -19.811
-71.362 -20.249
-71.323 -20.758
-71.249 -21.262
-71.307 -21.965
-71.347 -22.758
-71.389 -23.523
-71.466 -24.263
-71.524 -25.093
-71.628 -25.840
-71.752 -26.652
-71.847 -27.248
-71.958 -27.755
-72.170 -28.278
-72.433 -28.901
-72.555 -29.536
-72.600 -30.190
-72.618 -30.965
-72.678 -31.531
-72.762 -32.319
-72.889 -32.742
-72.861 -33.358
-72.938 -33.837
-73.246 -34.290
-73.675 -34.888
-73.897 -35.578
-74.262 -36.165
-74.442 -36.725
-74.596 -37.563
-74.655 -38.138
-74.836 -38.542
-74.988 -39.068
-75.150 -39.564
-75.128 -39.813
-75.195 -40.359
-75.189 -40.863
-75.392 -41.367
-75.397 -41.826
-75.402 -42.285
-75.558 -42.972
-75.632 -43.648
-75.782 -44.051
-75.821 -44.849
