#sgv --gvs -- average - 4-2  M=6.2 Char
	38.0389,-122.0766,0.0
	38.08258,-122.09034,0.0
	38.12626,-122.104095,0.0
	38.169937,-122.11787,0.0
	38.213615,-122.13165,0.0
	38.25729,-122.145454,0.0
#Likely (bb.likely) 1  Char
	40.891,-120.2451,0.0
	40.921032,-120.289444,0.0
	40.95307,-120.330826,0.0
	40.98973,-120.365395,0.0
	41.02638,-120.4,0.0
	41.063015,-120.43464,0.0
	41.099644,-120.46932,0.0
	41.134502,-120.50709,0.0
	41.169273,-120.54503,0.0
	41.20403,-120.583015,0.0
	41.238773,-120.62103,0.0
	41.273506,-120.659096,0.0
	41.308224,-120.6972,0.0
	41.33599,-120.72771,0.0
#sj9  Char
	33.7382,-116.914955,0.0
	33.77088,-116.95216,0.0
	33.80355,-116.989395,0.0
	33.83621,-117.026665,0.0
	33.868855,-117.06396,0.0
	33.901493,-117.10128,0.0
	33.934116,-117.138626,0.0
	33.96673,-117.17601,0.0
	33.99933,-117.21342,0.0
	34.017,-117.237,0.0
#Bartlett Springs-fault system (jl0.bartlettspr) 1  Char
	38.9334,-122.5041,0.0
	38.97084,-122.5362,0.0
	39.008274,-122.56834,0.0
	39.0457,-122.6005,0.0
	39.083115,-122.632706,0.0
	39.12052,-122.66494,0.0
	39.157917,-122.69721,0.0
	39.195305,-122.729515,0.0
	39.232685,-122.761856,0.0
	39.270058,-122.79423,0.0
	39.30742,-122.82664,0.0
	39.344772,-122.85908,0.0
	39.382114,-122.891556,0.0
	39.41945,-122.924065,0.0
	39.456776,-122.95661,0.0
	39.49409,-122.9892,0.0
	39.5314,-123.02181,0.0
	39.568256,-123.04906,0.0
	39.602737,-123.06771,0.0
	39.638145,-123.10377,0.0
	39.67354,-123.13986,0.0
	39.708923,-123.175995,0.0
	39.744408,-123.211975,0.0
	39.779926,-123.247925,0.0
	39.815434,-123.283905,0.0
	39.853584,-123.314766,0.0
	39.892628,-123.343925,0.0
	39.931664,-123.373116,0.0
	39.971428,-123.40028,0.0
	40.01406,-123.41839,0.0
	40.058704,-123.42578,0.0
	40.103348,-123.43318,0.0
	40.147724,-123.44195,0.0
	40.18951,-123.4638,0.0
	40.231293,-123.48568,0.0
	40.264717,-123.503204,0.0
#scz -- 1-1  M=6.7 Char
	36.8059,-121.4816,0.0
	36.8372,-121.52199,0.0
	36.868484,-121.562416,0.0
	36.896744,-121.60618,0.0
	36.924824,-121.65016,0.0
	36.956413,-121.69024,0.0
	36.98814,-121.73019,0.0
	37.019855,-121.770164,0.0
	37.051556,-121.81017,0.0
	37.076984,-121.85664,0.0
	37.1021,-121.90346,0.0
	37.13246,-121.945045,0.0
	37.163235,-121.98624,0.0
	37.17554,-122.002716,0.0
#White Mtns (bb.whitemtn) 1  Char
	37.0221,-118.1663,0.0
	37.063396,-118.1838,0.0
	37.106148,-118.20071,0.0
	37.149498,-118.21586,0.0
	37.192116,-118.23374,0.0
	37.233955,-118.25455,0.0
	37.27709,-118.27049,0.0
	37.32009,-118.28703,0.0
	37.363598,-118.301094,0.0
	37.40768,-118.31245,0.0
	37.45191,-118.32289,0.0
	37.49635,-118.33163,0.0
	37.54088,-118.339325,0.0
	37.584972,-118.350586,0.0
	37.629425,-118.35942,0.0
	37.673916,-118.36787,0.0
	37.718704,-118.373405,0.0
	37.75978,-118.39342,0.0
	37.800243,-118.41741,0.0
	37.843315,-118.4243,0.0
	37.883842,-118.401,0.0
	37.920223,-118.36744,0.0
	37.958862,-118.33975,0.0
	37.96747,-118.33641,0.0
#Quien Sabe (bb.quiensabe) 1  Char
	36.759,-121.2139,0.0
	36.795483,-121.24679,0.0
	36.83196,-121.27971,0.0
	36.868427,-121.31266,0.0
	36.904884,-121.34564,0.0
	36.926754,-121.36545,0.0
#S Emerson-Copper Mtn (mp.emerson-cm) 1  Char
	34.1578,-116.1793,0.0
	34.187115,-116.21957,0.0
	34.22279,-116.25272,0.0
	34.258152,-116.28561,0.0
	34.301163,-116.30161,0.0
	34.34192,-116.323975,0.0
	34.378708,-116.35536,0.0
	34.414154,-116.388695,0.0
	34.44434,-116.429016,0.0
	34.46908,-116.47458,0.0
	34.500954,-116.51288,0.0
	34.53162,-116.55284,0.0
#Big Pine (bb.bigpine) 1  Char
	34.6646,-119.4025,0.0
	34.673004,-119.34875,0.0
	34.68803,-119.29826,0.0
	34.712845,-119.25261,0.0
	34.731068,-119.20267,0.0
	34.74831,-119.152084,0.0
	34.767876,-119.10279,0.0
	34.78825,-119.05394,0.0
	34.817337,-119.01227,0.0
	34.82328,-119.004036,0.0
#el15  Char
	33.854,-117.637,0.0
	33.871403,-117.68697,0.0
	33.88879,-117.73697,0.0
	33.906155,-117.78699,0.0
	33.923496,-117.83702,0.0
	33.940823,-117.887085,0.0
	33.958126,-117.93716,0.0
	33.975407,-117.98726,0.0
	33.985767,-118.01733,0.0
#sj14  Char
	32.88992,-115.639656,0.0
	32.916702,-115.682724,0.0
	32.94347,-115.72582,0.0
	32.970226,-115.76895,0.0
	32.996964,-115.812096,0.0
	33.013,-115.838,0.0
#West Napa (jl0.wnapa) 1  Char
	38.1644,-122.2445,0.0
	38.204613,-122.270195,0.0
	38.245426,-122.294106,0.0
	38.28788,-122.3131,0.0
	38.330334,-122.33212,0.0
	38.372787,-122.351166,0.0
	38.415234,-122.37023,0.0
#sj11  Char
	33.19878,-116.19251,0.0
	33.230312,-116.23089,0.0
	33.261833,-116.26929,0.0
	33.293343,-116.30772,0.0
	33.32484,-116.346176,0.0
	33.356327,-116.38466,0.0
	33.3878,-116.42317,0.0
	33.419262,-116.461716,0.0
	33.45071,-116.50028,0.0
	33.457,-116.508,0.0
#Gravel Hills-Harper Lake (bb.harperlk) 1  Char
	34.8724,-116.9185,0.0
	34.89399,-116.96561,0.0
	34.929665,-116.999054,0.0
	34.962452,-117.03625,0.0
	34.99185,-117.07783,0.0
	35.021236,-117.11944,0.0
	35.05061,-117.16107,0.0
	35.079967,-117.20274,0.0
	35.10931,-117.24444,0.0
	35.13864,-117.28617,0.0
	35.167953,-117.32793,0.0
	35.197254,-117.36972,0.0
	35.226536,-117.41154,0.0
	35.255806,-117.45339,0.0
#Santa Ynez-west segment (mp.sntaynez-w) 1  Char
	34.495316,-119.63391,0.0
	34.51266,-119.6843,0.0
	34.529984,-119.73471,0.0
	34.547287,-119.78514,0.0
	34.55096,-119.83867,0.0
	34.5498,-119.89329,0.0
	34.554214,-119.94734,0.0
	34.562744,-120.001,0.0
	34.55977,-120.05379,0.0
	34.54581,-120.10573,0.0
	34.534847,-120.15859,0.0
	34.526566,-120.21228,0.0
	34.51826,-120.26596,0.0
	34.5116,-120.3089,0.0
#Rinconada (jl0.rinconada) 1  Char
	35.3071,-120.5096,0.0
	35.34709,-120.53489,0.0
	35.38708,-120.560196,0.0
	35.427063,-120.58553,0.0
	35.46704,-120.61089,0.0
	35.50701,-120.636284,0.0
	35.546978,-120.6617,0.0
	35.58694,-120.68713,0.0
	35.625484,-120.71541,0.0
	35.661903,-120.74793,0.0
	35.698315,-120.78049,0.0
	35.73472,-120.81307,0.0
	35.771114,-120.84568,0.0
	35.8075,-120.87833,0.0
	35.843876,-120.910995,0.0
	35.880245,-120.9437,0.0
	35.916603,-120.97643,0.0
	35.952953,-121.00919,0.0
	35.989292,-121.04199,0.0
	36.025627,-121.074814,0.0
	36.06195,-121.107666,0.0
	36.098263,-121.14055,0.0
	36.13457,-121.17346,0.0
	36.170868,-121.206406,0.0
	36.207153,-121.23938,0.0
	36.24343,-121.27239,0.0
	36.2797,-121.30543,0.0
	36.31596,-121.33849,0.0
	36.35221,-121.37159,0.0
	36.388454,-121.40472,0.0
	36.424686,-121.437874,0.0
	36.45962,-121.472885,0.0
	36.490597,-121.51348,0.0
	36.521553,-121.55411,0.0
	36.5525,-121.59477,0.0
	36.58343,-121.63547,0.0
	36.61435,-121.67619,0.0
	36.645256,-121.71696,0.0
	36.676144,-121.75775,0.0
#Panamint Valley (bb.panamint) 1  Char
	35.6122,-116.9046,0.0
	35.64202,-116.94603,0.0
	35.665028,-116.993095,0.0
	35.68079,-117.044975,0.0
	35.709045,-117.08755,0.0
	35.747353,-117.116295,0.0
	35.78912,-117.13656,0.0
	35.83152,-117.15515,0.0
	35.874676,-117.1694,0.0
	35.917397,-117.18481,0.0
	35.96078,-117.199425,0.0
	36.004322,-117.21348,0.0
	36.04755,-117.213104,0.0
	36.08888,-117.199745,0.0
	36.13346,-117.207306,0.0
	36.178047,-117.21488,0.0
	36.220703,-117.229485,0.0
	36.25979,-117.25714,0.0
	36.291622,-117.2957,0.0
	36.32556,-117.33109,0.0
	36.3647,-117.35866,0.0
	36.403835,-117.38625,0.0
	36.442963,-117.41388,0.0
#Elmore Ranch (mp.elmoreran) 1  Char
	33.0299,-115.8543,0.0
	33.064594,-115.82011,0.0
	33.099277,-115.78589,0.0
	33.133953,-115.75164,0.0
	33.168617,-115.71737,0.0
	33.203274,-115.68307,0.0
	33.23099,-115.65561,0.0
#Pisgah-Bullion Mtn-Mesqite Lk (mp.bull-mes) 1  Char
	34.1371,-116.0042,0.0
	34.170418,-116.03915,0.0
	34.21024,-116.06445,0.0
	34.248806,-116.09251,0.0
	34.28736,-116.12058,0.0
	34.328423,-116.142746,0.0
	34.369785,-116.16422,0.0
	34.408173,-116.19173,0.0
	34.443336,-116.22577,0.0
	34.47983,-116.2571,0.0
	34.516403,-116.28413,0.0
	34.55012,-116.320305,0.0
	34.588028,-116.348915,0.0
	34.62837,-116.37314,0.0
	34.670116,-116.39349,0.0
	34.711258,-116.415436,0.0
	34.75088,-116.44138,0.0
	34.790504,-116.467354,0.0
	34.814274,-116.482956,0.0
#Earthquake Valley (bb.earthqkvlly) 1  Char
	33.076,-116.4107,0.0
	33.095753,-116.45896,0.0
	33.118034,-116.50507,0.0
	33.14978,-116.54316,0.0
	33.181515,-116.581276,0.0
#Burnt Mtn (bb.burntmtn) 1  Char
	33.9348,-116.3905,0.0
	33.97967,-116.39462,0.0
	34.024487,-116.39769,0.0
	34.067192,-116.412186,0.0
	34.11211,-116.41133,0.0
	34.121098,-116.411934,0.0
#el16  Char
	33.640213,-117.3442,0.0
	33.66995,-117.38478,0.0
	33.69967,-117.425385,0.0
	33.729374,-117.46603,0.0
	33.75907,-117.50668,0.0
	33.78875,-117.54738,0.0
	33.818417,-117.5881,0.0
	33.848072,-117.628845,0.0
	33.854,-117.637,0.0
#SAF - Cholame (mp.sa-cholame) 1  Char
	35.310825,-119.86247,0.0
	35.34507,-119.898254,0.0
	35.379307,-119.93407,0.0
	35.413532,-119.96991,0.0
	35.44882,-120.00418,0.0
	35.484108,-120.03847,0.0
	35.51939,-120.07278,0.0
	35.55466,-120.10712,0.0
	35.589924,-120.141495,0.0
	35.625175,-120.175896,0.0
	35.660416,-120.21033,0.0
	35.69565,-120.2448,0.0
	35.730873,-120.27929,0.0
	35.752,-120.3,0.0
#Chino-Central Ave (bb.chinocentral) 1  Char
	33.828224,-117.56882,0.0
	33.864845,-117.60031,0.0
	33.90146,-117.63182,0.0
	33.938065,-117.66337,0.0
	33.97466,-117.69493,0.0
	34.01125,-117.72653,0.0
	34.0332,-117.7455,0.0
#SAF - Parkfield (mp.sa.parkf) 2  Char
	35.754948,-120.303055,0.0
	35.78938,-120.338776,0.0
	35.823795,-120.37452,0.0
	35.858204,-120.41029,0.0
	35.8926,-120.446106,0.0
	35.926987,-120.48194,0.0
	35.961365,-120.517815,0.0
	35.995728,-120.55372,0.0
	36.0026,-120.5609,0.0
#Honey Lake (jl0.honeylk) 1  Char
	39.9947,-120.0381,0.0
	40.02411,-120.082565,0.0
	40.054176,-120.1263,0.0
	40.08567,-120.16827,0.0
	40.117737,-120.20954,0.0
	40.149235,-120.25154,0.0
	40.179173,-120.29551,0.0
	40.19903,-120.348076,0.0
	40.217606,-120.40175,0.0
	40.242943,-120.447495,0.0
	40.28129,-120.47836,0.0
	40.30834,-120.525314,0.0
	40.31898,-120.54436,0.0
#Helendale-S. Lockhart (bb.helendale) 1  Char
	34.3707,-116.8699,0.0
	34.40454,-116.905846,0.0
	34.438374,-116.94182,0.0
	34.47219,-116.97781,0.0
	34.505646,-117.01427,0.0
	34.533955,-117.05672,0.0
	34.57036,-117.086815,0.0
	34.609726,-117.1126,0.0
	34.641518,-117.151306,0.0
	34.673294,-117.19004,0.0
	34.705063,-117.228806,0.0
	34.736813,-117.2676,0.0
	34.768555,-117.30643,0.0
	34.804478,-117.33929,0.0
	34.841022,-117.37127,0.0
	34.87756,-117.40329,0.0
	34.91789,-117.42708,0.0
	34.959335,-117.448456,0.0
	35.000782,-117.46986,0.0
	35.04222,-117.49128,0.0
	35.058796,-117.499855,0.0
#Ortigalita (jl0.ortigalita) 1  Char
	36.7322,-120.8954,0.0
	36.776947,-120.90134,0.0
	36.816154,-120.92468,0.0
	36.85194,-120.95877,0.0
	36.887714,-120.9929,0.0
	36.924007,-121.026146,0.0
	36.960907,-121.05837,0.0
	36.997803,-121.09062,0.0
	37.034687,-121.12291,0.0
	37.077682,-121.13849,0.0
	37.120598,-121.15416,0.0
	37.155937,-121.1891,0.0
	37.191273,-121.224075,0.0
	37.23036,-121.25205,0.0
	37.26952,-121.2799,0.0
#Hosgri (bb.hosgri) 1  Char
	34.867,-120.75,0.0
	34.90877,-120.7704,0.0
	34.950542,-120.790825,0.0
	34.99231,-120.811264,0.0
	35.034073,-120.83173,0.0
	35.075832,-120.85222,0.0
	35.117588,-120.87273,0.0
	35.15934,-120.89325,0.0
	35.201088,-120.913795,0.0
	35.242832,-120.934364,0.0
	35.284576,-120.954956,0.0
	35.326313,-120.97557,0.0
	35.36599,-121.001564,0.0
	35.405537,-121.0279,0.0
	35.44508,-121.05425,0.0
	35.48462,-121.08064,0.0
	35.52415,-121.10705,0.0
	35.56368,-121.133484,0.0
	35.60126,-121.16392,0.0
	35.638817,-121.19441,0.0
	35.675694,-121.22615,0.0
	35.711212,-121.25997,0.0
	35.743744,-121.29827,0.0
	35.776264,-121.3366,0.0
	35.808773,-121.37496,0.0
	35.841267,-121.41336,0.0
	35.873936,-121.45152,0.0
	35.908966,-121.48639,0.0
	35.94399,-121.521286,0.0
	35.979,-121.55621,0.0
	36.014,-121.59117,0.0
	36.048992,-121.62617,0.0
	36.083973,-121.66119,0.0
	36.118942,-121.696236,0.0
	36.14691,-121.724304,0.0
#Landers (bb.landers) 1  Char
	34.1594,-116.4245,0.0
	34.203236,-116.436806,0.0
	34.2481,-116.43765,0.0
	34.292843,-116.443146,0.0
	34.33767,-116.44796,0.0
	34.381935,-116.456604,0.0
	34.42355,-116.47678,0.0
	34.46412,-116.5004,0.0
	34.504684,-116.524025,0.0
	34.54269,-116.55311,0.0
	34.578644,-116.585655,0.0
	34.610577,-116.62417,0.0
	34.642498,-116.66272,0.0
	34.672955,-116.70299,0.0
	34.703285,-116.743416,0.0
	34.7336,-116.783875,0.0
	34.763905,-116.82436,0.0
	34.782078,-116.84867,0.0
#ncs --san -1-3  M=7.2 Char
	37.7856,-122.5741,0.0
	37.82309,-122.6056,0.0
	37.860573,-122.63713,0.0
	37.89805,-122.66869,0.0
	37.935516,-122.700294,0.0
	37.97281,-122.73222,0.0
	38.00972,-122.764885,0.0
	38.046623,-122.797585,0.0
	38.083515,-122.830315,0.0
	38.120396,-122.863075,0.0
	38.157272,-122.895874,0.0
	38.19437,-122.92826,0.0
	38.23189,-122.95988,0.0
	38.269405,-122.99153,0.0
	38.306908,-123.02322,0.0
	38.34401,-123.055664,0.0
	38.38054,-123.08918,0.0
	38.416916,-123.12297,0.0
	38.45285,-123.157555,0.0
	38.488777,-123.19217,0.0
	38.524693,-123.22682,0.0
	38.560596,-123.261505,0.0
	38.59649,-123.29622,0.0
	38.632374,-123.33098,0.0
	38.668247,-123.36576,0.0
	38.70411,-123.40059,0.0
	38.739964,-123.43545,0.0
	38.775803,-123.47034,0.0
	38.811638,-123.505264,0.0
	38.847458,-123.54023,0.0
	38.88327,-123.575226,0.0
	38.91907,-123.61026,0.0
	38.95486,-123.64533,0.0
	38.99064,-123.680435,0.0
	39.02641,-123.715576,0.0
	39.06217,-123.750755,0.0
	39.097916,-123.785965,0.0
	39.136612,-123.81549,0.0
	39.167816,-123.83863,0.0
#el17  Char
	33.37611,-117.01189,0.0
	33.40719,-117.05086,0.0
	33.43826,-117.08987,0.0
	33.469315,-117.1289,0.0
	33.50036,-117.16796,0.0
	33.531387,-117.20705,0.0
	33.56241,-117.24616,0.0
	33.593414,-117.28531,0.0
	33.62441,-117.324486,0.0
	33.643,-117.348,0.0
#San Juan (bb.sanjuan) 1  Char
	35.14553,-119.95885,0.0
	35.181812,-119.99142,0.0
	35.21808,-120.02401,0.0
	35.25434,-120.05664,0.0
	35.287846,-120.09242,0.0
	35.31708,-120.13153,0.0
	35.358418,-120.153336,0.0
	35.39975,-120.175156,0.0
	35.44108,-120.19701,0.0
	35.482403,-120.21887,0.0
	35.52465,-120.237656,0.0
	35.567722,-120.25367,0.0
	35.610794,-120.26971,0.0
	35.653862,-120.28576,0.0
	35.6797,-120.2954,0.0
#San Jose (bb.sanjose) 1  Char
	34.03759,-117.882225,0.0
	34.060703,-117.835754,0.0
	34.07261,-117.78336,0.0
	34.084496,-117.730965,0.0
	34.1141,-117.6901,0.0
#sj10  Char
	33.26289,-116.12179,0.0
	33.28659,-116.16754,0.0
	33.310272,-116.21332,0.0
	33.33394,-116.259125,0.0
	33.35759,-116.304955,0.0
	33.38122,-116.35081,0.0
	33.40484,-116.39669,0.0
	33.42844,-116.44259,0.0
	33.452023,-116.488525,0.0
	33.47572,-116.53436,0.0
	33.5045,-116.57584,0.0
	33.53327,-116.61735,0.0
	33.562027,-116.65888,0.0
	33.590767,-116.70044,0.0
	33.619495,-116.74203,0.0
	33.64821,-116.783646,0.0
	33.67691,-116.82529,0.0
	33.705597,-116.86696,0.0
	33.73427,-116.90865,0.0
	33.74,-116.917,0.0
#ngv --gvn--average-4-7  M=6.2 Char
	38.2587,-122.1459,0.0
	38.30275,-122.15763,0.0
	38.346794,-122.16937,0.0
	38.382034,-122.17877,0.0
#sg --gs --6-1  M=6.1 Char
	37.4994,-121.5408,0.0
	37.541058,-121.56225,0.0
	37.581577,-121.58647,0.0
	37.61795,-121.61992,0.0
	37.655888,-121.64978,0.0
	37.689373,-121.66648,0.0
#Newport-Inglewood offshore (bb.nwprting-osz) 1  Char
	33.1589,-117.43198,0.0
	33.194004,-117.465614,0.0
	33.225697,-117.50308,0.0
	33.251446,-117.54721,0.0
	33.28692,-117.580315,0.0
	33.322407,-117.61343,0.0
	33.357883,-117.64657,0.0
	33.39335,-117.67973,0.0
	33.42764,-117.71462,0.0
	33.461514,-117.75012,0.0
	33.49538,-117.78565,0.0
	33.526424,-117.82455,0.0
	33.555786,-117.86546,0.0
	33.585133,-117.90641,0.0
	33.591,-117.9146,0.0
#Pinto Mtn (bb.pintomtn) 1  Char
	34.055,-116.7204,0.0
	34.07393,-116.671844,0.0
	34.079506,-116.61834,0.0
	34.08224,-116.56437,0.0
	34.098778,-116.514,0.0
	34.11965,-116.46633,0.0
	34.130505,-116.41456,0.0
	34.136345,-116.36065,0.0
	34.14216,-116.30674,0.0
	34.146324,-116.252625,0.0
	34.14566,-116.198395,0.0
	34.142162,-116.14419,0.0
	34.13864,-116.08998,0.0
	34.12865,-116.037254,0.0
	34.116955,-115.9852,0.0
	34.10627,-115.94398,0.0
#SAF - Carrizo (mp.sa-carrizo) 1  Char
	34.697357,-118.504974,0.0
	34.71238,-118.55657,0.0
	34.727383,-118.608185,0.0
	34.742363,-118.65982,0.0
	34.757324,-118.71148,0.0
	34.772263,-118.763145,0.0
	34.787178,-118.81484,0.0
	34.80207,-118.86655,0.0
	34.813103,-118.91959,0.0
	34.822533,-118.97319,0.0
	34.831944,-119.026794,0.0
	34.841328,-119.08042,0.0
	34.85069,-119.13405,0.0
	34.860023,-119.1877,0.0
	34.87395,-119.23962,0.0
	34.89114,-119.29031,0.0
	34.908306,-119.341034,0.0
	34.93198,-119.387,0.0
	34.96058,-119.42939,0.0
	34.989166,-119.4718,0.0
	35.017735,-119.514244,0.0
	35.04629,-119.55672,0.0
	35.07684,-119.59708,0.0
	35.107574,-119.637245,0.0
	35.138294,-119.67745,0.0
	35.16999,-119.716415,0.0
	35.20434,-119.75198,0.0
	35.238686,-119.78758,0.0
	35.273018,-119.823204,0.0
	35.30734,-119.858864,0.0
	35.3142,-119.866,0.0
#SAF - San Bernardino (mp.sa-sanbern) 1  Char
	33.924107,-116.4775,0.0
	33.935413,-116.53,0.0
	33.946697,-116.582504,0.0
	33.95796,-116.63503,0.0
	33.969196,-116.68757,0.0
	33.98041,-116.74012,0.0
	33.993935,-116.79172,0.0
	34.011955,-116.84146,0.0
	34.029957,-116.89122,0.0
	34.047935,-116.941,0.0
	34.065895,-116.99081,0.0
	34.083836,-117.04063,0.0
	34.101757,-117.09048,0.0
	34.119656,-117.14034,0.0
	34.137535,-117.19023,0.0
	34.155632,-117.23999,0.0
	34.179577,-117.28603,0.0
	34.203503,-117.332115,0.0
	34.227413,-117.37821,0.0
	34.25131,-117.42434,0.0
	34.275185,-117.4705,0.0
	34.2895,-117.4982,0.0
#sh -- hs 2-1  M=6.2 Char
	37.4535,-121.8485,0.0
	37.488102,-121.88475,0.0
	37.522694,-121.921036,0.0
	37.55727,-121.95735,0.0
	37.59184,-121.993706,0.0
	37.626396,-122.03009,0.0
	37.660942,-122.06651,0.0
	37.697037,-122.10034,0.0
	37.73431,-122.13222,0.0
	37.771446,-122.16437,0.0
	37.80857,-122.19655,0.0
	37.83084,-122.21587,0.0
#Malibu Coast (bb.malibucoast) 1  Char
	34.0299,-118.5333,0.0
	34.035954,-118.587105,0.0
	34.04066,-118.64095,0.0
	34.040073,-118.69511,0.0
	34.04267,-118.74932,0.0
	34.045246,-118.80354,0.0
	34.047794,-118.857765,0.0
	34.05032,-118.91199,0.0
	34.051323,-118.933685,0.0
#Hollywood (bb.hollywood) 1  Char
	34.083626,-118.4062,0.0
	34.10187,-118.35874,0.0
	34.111546,-118.30573,0.0
	34.11702,-118.251785,0.0
	34.1192,-118.2302,0.0
#ng -- gn -- 6-9  M=6.2 Char
	37.6858,-121.6647,0.0
	37.721504,-121.69932,0.0
	37.758297,-121.732086,0.0
	37.795185,-121.76468,0.0
	37.833668,-121.794205,0.0
	37.872147,-121.82376,0.0
	37.88753,-121.835594,0.0
#el19  Char
	32.7796,-116.00714,0.0
	32.80342,-116.05255,0.0
	32.827232,-116.097984,0.0
	32.851025,-116.14345,0.0
	32.8748,-116.188934,0.0
	32.89856,-116.23444,0.0
	32.922302,-116.279976,0.0
	32.94603,-116.32554,0.0
	32.965,-116.362,0.0
#Collayomi (jl0.collayomi) 1  Char
	38.7789,-122.6817,0.0
	38.816513,-122.7134,0.0
	38.854115,-122.74513,0.0
	38.89171,-122.7769,0.0
	38.929295,-122.80871,0.0
	38.966873,-122.84054,0.0
	38.989414,-122.85966,0.0
#Simi-Santa Rosa (bb.simi) 1  Char
	34.224308,-119.099785,1.0
	34.23652,-119.04739,1.0
	34.247772,-118.99484,1.0
	34.24741,-118.94041,1.0
	34.254955,-118.887825,1.0
	34.269672,-118.83646,1.0
	34.281044,-118.783806,1.0
	34.29334,-118.73166,1.0
	34.3105,-118.6813,1.0
#Garlock West (bb.garlockw) 1  Char
	34.8236,-118.9183,0.0
	34.831203,-118.864685,0.0
	34.853,-118.81683,0.0
	34.880585,-118.7735,0.0
	34.903397,-118.72624,0.0
	34.925873,-118.678696,0.0
	34.94426,-118.6287,0.0
	34.961296,-118.57788,0.0
	34.97831,-118.52704,0.0
	34.995304,-118.47618,0.0
	35.019314,-118.42975,0.0
	35.043518,-118.383415,0.0
	35.07241,-118.3414,0.0
	35.097397,-118.29582,0.0
	35.12104,-118.24902,0.0
	35.144665,-118.20219,0.0
	35.16827,-118.15533,0.0
	35.192787,-118.10923,0.0
	35.220448,-118.06579,0.0
	35.253784,-118.02892,0.0
	35.274174,-118.00725,0.0
#Eureka Peak (mp.eurekapk) 1  Char
	33.9607,-116.3421,0.0
	34.005516,-116.34555,0.0
	34.04897,-116.35736,0.0
	34.09046,-116.378395,0.0
	34.12365,-116.39523,0.0
#sj13  Char
	32.886215,-115.69827,0.0
	32.908497,-115.74484,0.0
	32.93076,-115.79143,0.0
	32.953003,-115.838036,0.0
	32.97523,-115.884674,0.0
	32.993,-115.922,0.0
#Death Valley-south (bb.deathvlly-s) 1  Char
	35.5935,-116.3777,0.0
	35.61953,-116.42285,0.0
	35.650494,-116.46214,0.0
	35.686295,-116.495705,0.0
	35.722084,-116.5293,0.0
	35.757866,-116.56291,0.0
	35.79364,-116.596565,0.0
	35.83151,-116.62645,0.0
	35.86991,-116.655396,0.0
	35.908306,-116.684364,0.0
	35.94769,-116.71063,0.0
	35.9907,-116.727,0.0
	36.033703,-116.74338,0.0
	36.050903,-116.74994,0.0
#Owens Valley (bb.ownsvlly) 1  Char
	36.1918,-117.9849,0.0
	36.23581,-117.996544,0.0
	36.279816,-118.0082,0.0
	36.324398,-118.013306,0.0
	36.3694,-118.01367,0.0
	36.4144,-118.01403,0.0
	36.459396,-118.01439,0.0
	36.502804,-118.02413,0.0
	36.544064,-118.046486,0.0
	36.586895,-118.06346,0.0
	36.630054,-118.07934,0.0
	36.67321,-118.09524,0.0
	36.71648,-118.11049,0.0
	36.76049,-118.12123,0.0
	36.80299,-118.139694,0.0
	36.84549,-118.15818,0.0
	36.887985,-118.17669,0.0
	36.930477,-118.19522,0.0
	36.972965,-118.21377,0.0
	37.01545,-118.23234,0.0
	37.057934,-118.25092,0.0
	37.100414,-118.26954,0.0
	37.14289,-118.28817,0.0
	37.185368,-118.30682,0.0
	37.227837,-118.32549,0.0
	37.236332,-118.32923,0.0
#Cleghorn (bb.cleghorn) 1  Char
	34.282524,-117.20701,0.0
	34.274635,-117.26054,0.0
	34.27719,-117.31491,0.0
	34.290955,-117.3622,0.0
	34.294468,-117.41388,0.0
	34.3113,-117.4644,0.0
#Calico-Hidalgo (mp.hidalgo-wc) 1  Char
	34.3579,-116.2624,0.0
	34.39597,-116.29147,0.0
	34.43403,-116.32058,0.0
	34.47589,-116.339806,0.0
	34.510704,-116.373795,0.0
	34.544655,-116.409645,0.0
	34.578594,-116.445526,0.0
	34.614235,-116.47876,0.0
	34.651215,-116.50993,0.0
	34.688187,-116.54112,0.0
	34.725147,-116.57235,0.0
	34.7621,-116.6036,0.0
	34.79804,-116.63652,0.0
	34.833115,-116.67086,0.0
	34.86818,-116.70522,0.0
	34.899605,-116.743965,0.0
	34.927128,-116.787384,0.0
	34.941643,-116.83925,0.0
	34.9655,-116.88256,0.0
	34.995377,-116.92304,0.0
#Johnson Valley N (mp.johnsonvly-n) 1  Char
	34.3132,-116.4582,0.0
	34.35106,-116.487656,0.0
	34.386093,-116.52122,0.0
	34.415825,-116.562126,0.0
	34.446583,-116.60161,0.0
	34.480076,-116.638,0.0
	34.515034,-116.671715,0.0
	34.55419,-116.69757,0.0
#sgn -- 5-9  M=6.9 Char
	36.8528,-122.1555,0.0
	36.8941,-122.17783,0.0
	36.9354,-122.200195,0.0
	36.976692,-122.22257,0.0
	37.017982,-122.24498,0.0
	37.059265,-122.26741,0.0
	37.100548,-122.28987,0.0
	37.141823,-122.31235,0.0
	37.183094,-122.334854,0.0
	37.224365,-122.35738,0.0
	37.26563,-122.37994,0.0
	37.307266,-122.40133,0.0
	37.34948,-122.42093,0.0
	37.391693,-122.44055,0.0
	37.433903,-122.46019,0.0
	37.47611,-122.47986,0.0
	37.51831,-122.49954,0.0
	37.560513,-122.51925,0.0
	37.602707,-122.53899,0.0
	37.6449,-122.55874,0.0
	37.68709,-122.578514,0.0
	37.72928,-122.59831,0.0
	37.77146,-122.61813,0.0
#Santa Ynez-east segment (mp.sntaynez-e) 1  Char
	34.4939,-119.6298,0.0
	34.490532,-119.575356,0.0
	34.48714,-119.52091,0.0
	34.492874,-119.46708,0.0
	34.50112,-119.4134,0.0
	34.5096,-119.35977,0.0
	34.51855,-119.30625,0.0
	34.527473,-119.252716,0.0
	34.536373,-119.19917,0.0
	34.533443,-119.14473,0.0
	34.53836,-119.091446,0.0
	34.55201,-119.03938,0.0
	34.56564,-118.98731,0.0
	34.57925,-118.93522,0.0
	34.587402,-118.90395,0.0
#sc -- cs -- average used-3-1  M=5.8 Char
	36.8257,-121.3956,0.0
	36.868153,-121.414246,0.0
	36.910606,-121.432915,0.0
	36.953053,-121.45161,0.0
	36.98701,-121.46657,0.0
#bb.imperial  Char
	32.469,-115.165,0.0
	32.50487,-115.19721,0.0
	32.540733,-115.229454,0.0
	32.576588,-115.26172,0.0
	32.61243,-115.29401,0.0
	32.64827,-115.326324,0.0
	32.684097,-115.358665,0.0
	32.71992,-115.39104,0.0
	32.755733,-115.42343,0.0
	32.791534,-115.45586,0.0
	32.82733,-115.4883,0.0
	32.86312,-115.520775,0.0
	32.8989,-115.553276,0.0
	32.913208,-115.56628,0.0
#sgs--5-1  M=6.7 Char
	36.3131,-121.8593,0.0
	36.35213,-121.8871,0.0
	36.391155,-121.91493,0.0
	36.431244,-121.93976,0.0
	36.473896,-121.95748,0.0
	36.515335,-121.97932,0.0
	36.55003,-122.01482,0.0
	36.589,-122.04242,0.0
	36.628952,-122.06822,0.0
	36.6689,-122.09405,0.0
	36.71132,-122.11274,0.0
	36.753944,-122.13059,0.0
	36.798058,-122.1417,0.0
	36.842167,-122.15282,0.0
	36.85099,-122.155045,0.0
#SAF - Mojave (mp.sa-mojave) 1  Char
	34.290165,-117.49965,0.0
	34.31203,-117.547264,0.0
	34.33388,-117.5949,0.0
	34.35571,-117.64256,0.0
	34.377518,-117.69025,0.0
	34.39925,-117.73799,0.0
	34.419193,-117.78689,0.0
	34.439117,-117.83581,0.0
	34.459023,-117.88475,0.0
	34.47891,-117.933716,0.0
	34.498775,-117.982704,0.0
	34.518623,-118.031715,0.0
	34.53845,-118.08075,0.0
	34.557632,-118.130165,0.0
	34.576233,-118.179924,0.0
	34.594814,-118.229706,0.0
	34.613377,-118.27951,0.0
	34.63192,-118.32934,0.0
	34.65044,-118.37919,0.0
	34.66894,-118.42906,0.0
	34.68742,-118.47895,0.0
	34.6985,-118.5089,0.0
#pn --1-2  M=6.8 Char
	37.1762,-122.0036,0.0
	37.209682,-122.04134,0.0
	37.243153,-122.079124,0.0
	37.276608,-122.116936,0.0
	37.310753,-122.15374,0.0
	37.345978,-122.18896,0.0
	37.38105,-122.224434,0.0
	37.415905,-122.26026,0.0
	37.451733,-122.29444,0.0
	37.48926,-122.32572,0.0
	37.526787,-122.35704,0.0
	37.5643,-122.38839,0.0
	37.601807,-122.41977,0.0
	37.6393,-122.45118,0.0
	37.676792,-122.48262,0.0
	37.71427,-122.51409,0.0
	37.751743,-122.5456,0.0
	37.789207,-122.57714,0.0
#sj8  Char
	34.017017,-117.2363,0.0
	34.04126,-117.27769,0.0
	34.07415,-117.314766,0.0
	34.10703,-117.35186,0.0
	34.139896,-117.38899,0.0
	34.172756,-117.42615,0.0
	34.2056,-117.46334,0.0
	34.238434,-117.50056,0.0
	34.245,-117.508,0.0
#sj12  Char
	33.012714,-115.97698,0.0
	33.045033,-116.014336,0.0
	33.07734,-116.05171,0.0
	33.109634,-116.08912,0.0
	33.14192,-116.12655,0.0
	33.17419,-116.16401,0.0
	33.2,-116.194,0.0
#el18  Char
	32.96447,-116.36117,0.0
	32.991714,-116.40387,0.0
	33.018944,-116.44659,0.0
	33.046158,-116.489334,0.0
	33.07336,-116.53211,0.0
	33.100544,-116.57491,0.0
	33.127716,-116.61774,0.0
	33.154873,-116.66059,0.0
	33.182014,-116.703476,0.0
	33.20914,-116.74638,0.0
	33.236256,-116.789314,0.0
	33.26335,-116.832275,0.0
	33.290436,-116.87526,0.0
	33.3175,-116.918274,0.0
	33.344555,-116.96132,0.0
	33.371593,-117.00439,0.0
	33.377,-117.013,0.0
#nh -- hn 2-2  M=5.8 Char
	37.8273,-122.2128,0.0
	37.864697,-122.2445,0.0
	37.90208,-122.27624,0.0
	37.93946,-122.308,0.0
	37.97683,-122.3398,0.0
	38.01419,-122.37163,0.0
	38.05154,-122.40349,0.0
	38.088886,-122.43539,0.0
#Garlock East (bb.garlocke) 1  Char
	35.2835,-118.0239,0.0
	35.30736,-117.97715,0.0
	35.331203,-117.93038,0.0
	35.355026,-117.883575,0.0
	35.378834,-117.83675,0.0
	35.40262,-117.78989,0.0
	35.425182,-117.742294,0.0
	35.43995,-117.690125,0.0
	35.454693,-117.63794,0.0
	35.469414,-117.585724,0.0
	35.48411,-117.5335,0.0
	35.498444,-117.481125,0.0
	35.50995,-117.42768,0.0
	35.521427,-117.37422,0.0
	35.53288,-117.32075,0.0
	35.54431,-117.267265,0.0
	35.555717,-117.21376,0.0
	35.567104,-117.16024,0.0
	35.57944,-117.10703,0.0
	35.5918,-117.05383,0.0
	35.601532,-117.00021,0.0
	35.600094,-116.94489,0.0
	35.59863,-116.88958,0.0
	35.59714,-116.83427,0.0
	35.5962,-116.77894,0.0
	35.595463,-116.7236,0.0
	35.594704,-116.668274,0.0
	35.59392,-116.61294,0.0
	35.591686,-116.557686,0.0
	35.588478,-116.502495,0.0
	35.58731,-116.44728,0.0
	35.58984,-116.39203,0.0
	35.590343,-116.38098,0.0
#Lenwood-Lockhart-Old Woman Springs (bb.lockhart) 1  Char
	34.3537,-116.635,0.0
	34.39346,-116.66053,0.0
	34.433216,-116.68609,0.0
	34.472965,-116.71167,0.0
	34.51271,-116.737274,0.0
	34.552452,-116.7629,0.0
	34.592186,-116.78856,0.0
	34.62988,-116.81818,0.0
	34.666145,-116.85056,0.0
	34.7024,-116.88298,0.0
	34.738647,-116.91542,0.0
	34.774887,-116.94789,0.0
	34.808083,-116.984375,0.0
	34.83735,-117.02602,0.0
	34.8666,-117.06769,0.0
	34.894093,-117.11087,0.0
	34.91616,-117.15869,0.0
	34.938213,-117.206535,0.0
	34.960243,-117.25441,0.0
	34.982258,-117.30231,0.0
	35.004253,-117.35023,0.0
	35.02623,-117.39818,0.0
	35.048187,-117.44615,0.0
	35.07103,-117.49347,0.0
	35.096363,-117.53892,0.0
	35.121677,-117.5844,0.0
	35.146973,-117.629906,0.0
	35.172256,-117.67544,0.0
	35.197517,-117.721,0.0
	35.217716,-117.75748,0.0
#nc -- cn--3-7  M=6.5 Char
	37.445,-121.8071,0.0
	37.488136,-121.82325,0.0
	37.529385,-121.8459,0.0
	37.57183,-121.86442,0.0
	37.61298,-121.887405,0.0
	37.654125,-121.91042,0.0
	37.695362,-121.93306,0.0
	37.736874,-121.953224,0.0
	37.77627,-121.98072,0.0
	37.815662,-122.008255,0.0
#con -- average -4-1  M=6.2 Char
	37.9003,-121.9896,0.0
	37.94064,-122.014885,0.0
	37.980972,-122.04019,0.0
	38.0213,-122.06553,0.0
	38.03743,-122.075676,0.0
#Mendocino fault zone (mp.mendocino) 1  Char
	40.2622,-124.4119,15.0
	40.282555,-124.4645,15.0
	40.302883,-124.517136,15.0
	40.32319,-124.5698,15.0
	40.34347,-124.6225,15.0
	40.363728,-124.675224,15.0
	40.373283,-124.73175,15.0
	40.375874,-124.79072,15.0
	40.378433,-124.84969,15.0
	40.380966,-124.908676,15.0
	40.383465,-124.96766,15.0
	40.385937,-125.02665,15.0
	40.388374,-125.08564,15.0
	40.390785,-125.14464,15.0
	40.393166,-125.20364,15.0
	40.395515,-125.26265,15.0
	40.39784,-125.321655,15.0
	40.400024,-125.38068,15.0
	40.40206,-125.43971,15.0
	40.404068,-125.49874,15.0
	40.406044,-125.557785,15.0
	40.40799,-125.61683,15.0
	40.409904,-125.67587,15.0
	40.41179,-125.734924,15.0
	40.413643,-125.793976,15.0
	40.415062,-125.853035,15.0
	40.414864,-125.91214,15.0
	40.41463,-125.971245,15.0
	40.41437,-126.03035,15.0
	40.414078,-126.089455,15.0
	40.413757,-126.14855,15.0
	40.413406,-126.20766,15.0
	40.413025,-126.266754,15.0
	40.412613,-126.32586,15.0
	40.41217,-126.38496,15.0
#Santa Rosa Island (bb.santarosaisl) 1  Char
	34.0236,-119.9065,0.0
	34.00419,-119.95548,0.0
	33.993946,-120.00762,0.0
	33.988846,-120.06155,0.0
	33.986565,-120.1156,0.0
	33.98812,-120.169846,0.0
	33.98965,-120.22408,0.0
	33.992367,-120.27826,0.0
	33.995102,-120.332436,0.0
	33.997814,-120.38661,0.0
	34.005272,-120.43937,0.0
	34.02389,-120.48879,0.0
	34.031334,-120.50857,0.0
#Zayante-Vergeles (jl0.zayante-v) 1  Char
	36.7927,-121.4638,0.0
	36.800392,-121.51917,0.0
	36.80806,-121.57455,0.0
	36.825512,-121.62293,0.0
	36.859856,-121.65927,0.0
	36.894188,-121.69564,0.0
	36.92851,-121.73204,0.0
	36.95858,-121.77368,0.0
	36.98706,-121.81729,0.0
	37.015522,-121.86094,0.0
	37.043972,-121.90461,0.0
	37.072403,-121.94832,0.0
	37.089455,-121.97456,0.0
#Raymond (bb.raymond) 1  Char
	34.121513,-118.21783,0.0
	34.119556,-118.16352,0.0
	34.12378,-118.11057,0.0
	34.13825,-118.05947,0.0
	34.157394,-118.01055,0.0
	34.163,-117.9901,0.0
#San Gabriel (bb.sangab) 1  Char
	34.3179,-118.2802,0.0
	34.34276,-118.32472,0.0
	34.356255,-118.376724,0.0
	34.373642,-118.42691,0.0
	34.394203,-118.47531,0.0
	34.417698,-118.52183,0.0
	34.44253,-118.567154,0.0
	34.473686,-118.606384,0.0
	34.508244,-118.64135,0.0
	34.542793,-118.676346,0.0
	34.573727,-118.71419,0.0
	34.601643,-118.75531,0.0
	34.635338,-118.79156,0.0
	34.669025,-118.82783,0.0
	34.7027,-118.86413,0.0
	34.716167,-118.878654,0.0
#Hunter Mtn-Saline Vlly (bb.huntermtn) 1  Char
	36.4753,-117.4325,0.0
	36.497147,-117.48143,0.0
	36.518974,-117.53039,0.0
	36.544365,-117.57655,0.0
	36.570763,-117.6219,0.0
	36.602135,-117.66209,0.0
	36.625603,-117.70859,0.0
	36.641754,-117.760925,0.0
	36.657883,-117.81329,0.0
	36.694237,-117.84275,0.0
	36.735363,-117.865486,0.0
	36.777283,-117.88585,0.0
	36.81962,-117.904915,0.0
	36.861946,-117.923996,0.0
	36.904274,-117.9431,0.0
	36.921204,-117.950745,0.0
#SAF - creeping segment
	36.0019,-120.561,0.0
	36.8237,-121.506,0.0
#Death Valley-northern (bb.ndvfc) 1  Char
	36.5428,-116.8844,0.0
	36.573227,-116.925674,0.0
	36.603638,-116.96699,0.0
	36.634037,-117.00832,0.0
	36.66442,-117.0497,0.0
	36.69479,-117.09111,0.0
	36.725143,-117.132545,0.0
	36.762074,-117.16441,0.0
	36.799576,-117.19547,0.0
	36.837067,-117.22656,0.0
	36.874554,-117.257675,0.0
	36.91203,-117.288826,0.0
	36.948963,-117.32094,0.0
	36.984547,-117.35541,0.0
	37.019737,-117.390526,0.0
	37.054497,-117.42633,0.0
	37.08924,-117.462166,0.0
	37.124485,-117.49722,0.0
	37.160824,-117.530525,0.0
	37.19715,-117.56385,0.0
	37.23347,-117.59721,0.0
	37.269783,-117.63061,0.0
	37.302998,-117.66876,0.0
#bb.lagunasalada  Char
	32.29042,-115.40056,0.0
	32.32041,-115.44025,0.0
	32.35039,-115.479965,0.0
	32.38036,-115.519714,0.0
	32.410313,-115.55949,0.0
	32.440254,-115.59929,0.0
	32.470184,-115.63911,0.0
	32.5001,-115.67896,0.0
	32.530006,-115.71884,0.0
	32.559895,-115.75874,0.0
	32.589775,-115.798676,0.0
	32.628,-115.825584,0.0
	32.66842,-115.849075,0.0
	32.708836,-115.87259,0.0
	32.725,-115.882,0.0
#Blackwater (bb.blkwater) 1  Char
	35.0242,-117.0171,0.0
	35.05972,-117.05085,0.0
	35.095226,-117.08463,0.0
	35.130722,-117.11844,0.0
	35.166214,-117.152275,0.0
	35.201694,-117.18615,0.0
	35.237164,-117.22005,0.0
	35.275417,-117.248856,0.0
	35.314575,-117.27602,0.0
	35.35373,-117.30321,0.0
	35.38898,-117.33663,0.0
	35.420444,-117.37611,0.0
	35.451893,-117.41561,0.0
#Santa Monica (mp.santamonica) 1  Char
	34.01158,-118.703156,0.0
	34.013676,-118.648926,0.0
	34.017982,-118.59507,0.0
	34.02844,-118.54227,0.0
	34.033417,-118.48858,0.0
	34.051247,-118.43905,0.0
	34.0685,-118.4161,0.0
#SAF - Coachella (mp.sa-coachella) 1  Char
	33.349087,-115.71068,0.0
	33.380726,-115.74899,0.0
	33.412354,-115.78734,0.0
	33.443966,-115.82571,0.0
	33.475567,-115.86411,0.0
	33.50716,-115.90254,0.0
	33.53874,-115.940994,0.0
	33.570305,-115.97948,0.0
	33.60186,-116.01799,0.0
	33.6334,-116.05653,0.0
	33.664932,-116.0951,0.0
	33.69645,-116.1337,0.0
	33.72796,-116.172325,0.0
	33.759453,-116.21098,0.0
	33.790493,-116.250114,0.0
	33.816887,-116.293976,0.0
	33.84326,-116.33787,0.0
	33.869625,-116.38178,0.0
	33.89597,-116.42573,0.0
	33.9223,-116.4697,0.0
#Owl Lake (bb.owllk) 1  Char
	35.6064,-116.8772,0.0
	35.630512,-116.83046,0.0
	35.654602,-116.78369,0.0
	35.678677,-116.73689,0.0
	35.702732,-116.69006,0.0
	35.726772,-116.64321,0.0
#Death Valley-n of Cucamongo (bb.ndvfc-ncn) 1  Char
	37.3019,-117.6675,0.0
	37.327526,-117.713715,0.0
	37.34817,-117.76401,0.0
	37.371765,-117.81167,0.0
	37.406975,-117.84695,0.0
	37.442173,-117.882256,0.0
	37.47736,-117.917595,0.0
	37.512535,-117.952965,0.0
	37.54713,-117.98924,0.0
	37.581467,-118.02594,0.0
	37.609608,-118.06959,0.0
	37.65116,-118.08924,0.0
	37.692722,-118.11083,0.0
	37.732086,-118.13792,0.0
	37.771484,-118.16457,0.0
	37.81351,-118.18494,0.0
	37.83032,-118.193085,0.0
#Maacama-garberville (jl0.maacama-s) 1  GR
	39.335724,-123.296776,0.0
	39.376144,-123.32235,0.0
	39.41656,-123.34796,0.0
	39.45697,-123.3736,0.0
	39.497375,-123.39926,0.0
	39.537773,-123.424965,0.0
	39.578167,-123.45069,0.0
	39.618553,-123.47645,0.0
	39.658936,-123.502235,0.0
	39.699314,-123.52805,0.0
	39.73968,-123.5539,0.0
	39.78005,-123.57978,0.0
	39.820408,-123.60569,0.0
	39.86076,-123.63162,0.0
	39.901108,-123.65759,0.0
	39.94145,-123.68359,0.0
	39.981785,-123.709625,0.0
	40.017467,-123.744576,0.0
	40.051983,-123.78229,0.0
	40.086487,-123.82004,0.0
	40.12098,-123.85783,0.0
	40.15546,-123.89565,0.0
	40.189926,-123.93352,0.0
	40.21749,-123.96384,0.0
#cc -- average used-3-2  M=6.2 Char
	36.9898,-121.4678,0.0
	37.02904,-121.495384,0.0
	37.06827,-121.523,0.0
	37.10765,-121.5503,0.0
	37.147377,-121.57681,0.0
	37.1866,-121.60449,0.0
	37.225742,-121.63236,0.0
	37.26495,-121.66011,0.0
	37.304245,-121.687675,0.0
	37.34351,-121.71532,0.0
	37.381092,-121.74645,0.0
	37.417503,-121.779655,0.0
	37.445717,-121.807816,0.0
#Palos Verdes (mp.palosverdes1) 1  Char
	33.283,-117.9397,0.0
	33.320637,-117.96921,0.0
	33.35827,-117.99875,0.0
	33.395893,-118.02831,0.0
	33.436302,-118.051575,0.0
	33.477173,-118.07392,0.0
	33.5162,-118.100784,0.0
	33.555225,-118.12767,0.0
	33.594242,-118.15458,0.0
	33.63325,-118.18152,0.0
	33.671665,-118.209625,0.0
	33.709137,-118.23957,0.0
	33.746605,-118.26954,0.0
	33.776768,-118.30894,0.0
	33.804184,-118.351875,0.0
	33.831585,-118.39484,0.0
	33.858974,-118.43783,0.0
	33.886345,-118.48085,0.0
	33.913704,-118.523895,0.0
	33.941048,-118.56697,0.0
	33.946514,-118.575584,0.0
#Santa Cruz Island (bb.santacruzisl) 1  Char
	33.9897,-119.5154,0.0
	33.989716,-119.56967,0.0
	33.989708,-119.62395,0.0
	33.99654,-119.67714,0.0
	34.008118,-119.7296,0.0
	34.019672,-119.78207,0.0
	34.031204,-119.83455,0.0
	34.042717,-119.88705,0.0
	34.054203,-119.93956,0.0
	34.07244,-119.988686,0.0
	34.09518,-120.035576,0.0
#Little Lake (bb.littlelake) 1  Char
	35.6208,-117.5967,0.0
	35.658722,-117.62651,0.0
	35.69664,-117.65635,0.0
	35.734547,-117.68621,0.0
	35.772446,-117.71611,0.0
	35.81034,-117.74603,0.0
	35.84546,-117.77978,0.0
	35.87355,-117.82315,0.0
	35.90163,-117.866554,0.0
	35.912857,-117.88393,0.0
#Coronado Bank (bb.palsv-crndbk) 1  Char
	31.889494,-116.83463,0.0
	31.92789,-116.86228,0.0
	31.966282,-116.889946,0.0
	32.00467,-116.91763,0.0
	32.04305,-116.94535,0.0
	32.08142,-116.97308,0.0
	32.11979,-117.00085,0.0
	32.15815,-117.02863,0.0
	32.196503,-117.056435,0.0
	32.23485,-117.08427,0.0
	32.273197,-117.11212,0.0
	32.31153,-117.14,0.0
	32.349865,-117.1679,0.0
	32.388187,-117.19582,0.0
	32.426506,-117.22377,0.0
	32.465008,-117.251366,0.0
	32.504467,-117.277016,0.0
	32.54396,-117.3026,0.0
	32.58345,-117.3282,0.0
	32.622932,-117.35383,0.0
	32.66241,-117.379486,0.0
	32.70188,-117.40516,0.0
	32.74135,-117.430855,0.0
	32.78081,-117.45657,0.0
	32.820267,-117.482315,0.0
	32.85972,-117.50808,0.0
	32.894703,-117.54081,0.0
	32.925903,-117.57944,0.0
	32.958076,-117.61684,0.0
	32.992607,-117.65123,0.0
	33.027126,-117.68566,0.0
	33.061638,-117.72011,0.0
	33.096138,-117.75459,0.0
	33.13063,-117.7891,0.0
	33.16511,-117.82363,0.0
	33.199585,-117.85819,0.0
	33.234047,-117.892784,0.0
	33.2685,-117.9274,0.0
#Hunting Creek-Berryessa (jl0.huntcrk) 1  Char
	38.4533,-122.1975,0.0
	38.493607,-122.22306,0.0
	38.533905,-122.24866,0.0
	38.5742,-122.27428,0.0
	38.614487,-122.29992,0.0
	38.65477,-122.3256,0.0
	38.69505,-122.3513,0.0
	38.73532,-122.377045,0.0
	38.775585,-122.40281,0.0
	38.815845,-122.4286,0.0
	38.856102,-122.45442,0.0
	38.89635,-122.48028,0.0
	38.936596,-122.50616,0.0
#Monterey Bay-Tularcitos (bb.montbay-tul) 1  Char
	36.3683,-121.5253,0.0
	36.390377,-121.574005,0.0
	36.416897,-121.61876,0.0
	36.443695,-121.662994,0.0
	36.461834,-121.714195,0.0
	36.48892,-121.75738,0.0
	36.522278,-121.794945,0.0
	36.55563,-121.83256,0.0
	36.589794,-121.86869,0.0
	36.62993,-121.89405,0.0
	36.670055,-121.91944,0.0
	36.71018,-121.944855,0.0
	36.750294,-121.97029,0.0
	36.790405,-121.99576,0.0
	36.82821,-122.02563,0.0
	36.862846,-122.06152,0.0
	36.897472,-122.09745,0.0
	36.918243,-122.119026,0.0
#Newport-Inglewood (bb.newporting) 1  Char
	33.606,-117.9247,0.0
	33.640945,-117.95875,0.0
	33.67588,-117.99283,0.0
	33.700165,-118.03773,0.0
	33.733685,-118.07382,0.0
	33.76476,-118.11274,0.0
	33.79315,-118.15475,0.0
	33.821957,-118.196175,0.0
	33.857967,-118.22735,0.0
	33.890873,-118.26332,0.0
	33.926334,-118.29635,0.0
	33.959198,-118.33324,0.0
	33.998554,-118.35955,0.0
	34.037907,-118.38589,0.0
	34.045773,-118.39116,0.0
#Rose Canyon (bb.rosecny-osz) 1  Char
	32.5603,-117.1473,0.0
	32.605145,-117.151115,0.0
	32.64848,-117.16537,0.0
	32.693436,-117.16298,0.0
	32.735546,-117.17624,0.0
	32.774105,-117.20195,0.0
	32.814743,-117.222404,0.0
	32.848934,-117.257065,0.0
	32.88998,-117.276855,0.0
	32.932915,-117.29291,0.0
	32.97585,-117.308975,0.0
	33.01878,-117.32506,0.0
	33.056545,-117.35423,0.0
	33.091618,-117.38679,0.0
	33.123386,-117.42418,0.0
#rc 2-7  M=6.7 Char
	38.0875,-122.4342,0.0
	38.126484,-122.46277,0.0
	38.16546,-122.49137,0.0
	38.20443,-122.52,0.0
	38.243393,-122.54866,0.0
	38.28235,-122.57735,0.0
	38.321297,-122.60607,0.0
	38.360474,-122.6343,0.0
	38.399727,-122.66237,0.0
	38.438972,-122.690475,0.0
	38.47821,-122.718605,0.0
	38.517445,-122.74677,0.0
	38.556667,-122.77497,0.0
	38.572357,-122.786255,0.0
#ncn -- sao - 1-4  M=7.0 Char
	39.1706,-123.8407,0.0
	39.213936,-123.856346,0.0
	39.25727,-123.87201,0.0
	39.300606,-123.88767,0.0
	39.34394,-123.90335,0.0
	39.38727,-123.91905,0.0
	39.43121,-123.93152,0.0
	39.47531,-123.943115,0.0
	39.51941,-123.954735,0.0
	39.563507,-123.96636,0.0
	39.607605,-123.978004,0.0
	39.6517,-123.98966,0.0
	39.696247,-123.9964,0.0
	39.74122,-123.99853,0.0
	39.78619,-124.000656,0.0
	39.831158,-124.002785,0.0
	39.87613,-124.00492,0.0
	39.920807,-124.009445,0.0
	39.964046,-124.0257,0.0
	40.007286,-124.041985,0.0
	40.049274,-124.06272,0.0
	40.077892,-124.107834,0.0
	40.105522,-124.15425,0.0
	40.13205,-124.20178,0.0
	40.158554,-124.24936,0.0
	40.185043,-124.29697,0.0
	40.21151,-124.34461,0.0
	40.23796,-124.392296,0.0
	40.243248,-124.40184,0.0
