16
ANSR-ABSLDEC 1.01 -2.29 0.63 560 0.49 1.00 0.018 -4.5 -0.5 0.01
ANSR-ABSLOCB 0.64 -2.82 0.80 890 0.49 1.00 0.018 -4.5 -0.5 0.01
ANSR-ABSLSHC 1.06 -2.85 0.75 800 0.49 1.00 0.018 -4.5 -0.5 0.01
ANSR-DEEPCON 0.98 -2.13 0.52 250 0.49 1.00 0.018 -4.5 -0.5 0.01
ANSR-HOTSPOT 1.12 -3.00 0.68 680 0.49 1.00 0.018 -4.5 -0.5 0.01
ANSR-OCEANBD 1.08 -3.19 0.60 500 0.49 1.00 0.018 -4.5 -0.5 0.01
ANSR-SHALCON 0.98 -2.42 0.63 570 0.49 1.00 0.018 -4.5 -0.5 0.01
SCR-GENERIC  0.73 -2.85 0.78 870 0.49 1.00 0.018 -4.5 -0.5 0.01
SOR-GENERIC  0.97 -3.04 0.67 650 0.49 1.00 0.018 -4.5 -0.5 0.01
SZ-GENERIC   0.88 -2.47 0.63 570 0.49 1.00 0.018 -4.5 -0.5 0.01
SZ-INLBACK   0.86 -2.43 0.66 640 0.49 1.00 0.018 -4.5 -0.5 0.01
SZ-ONSHORE   0.81 -2.34 0.60 500 0.49 1.00 0.018 -4.5 -0.5 0.01
SZ-OUTERTR   0.92 -2.42 0.64 540 0.49 1.00 0.018 -4.5 -0.5 0.01
SCR-ABVSLAB  0.73 -2.85 0.78 870 0.49 1.00 0.018 -4.5 -0.5 0.01
SOR-ABVSLAB  0.97 -3.04 0.67 650 0.49 1.00 0.018 -4.5 -0.5 0.01
CALIFORNIA   1.08 -1.85 1.76 750 0.49 0.91 0.050 -4.5 -0.5 0.01
1
CALIFORNIA
-1.0e10
1.0e10
1
14
36.6847  -117.793
35.8000  -116.400
34.0815  -114.472
32.0000  -114.333
32.0000  -120.500
34.6945  -121.380
40.0000  -125.500
43.0200  -125.000
42.0000  -122.700
42.0000  -121.417
39.5000  -120.750
37.7500  -119.500
37.7500  -118.250
36.6847  -117.793
