  7.50   0.00000000     
  3.73   0.00099133
  3.54   0.00119415
  6.09   0.00181835
  3.98   0.00320371
  5.22   0.00357644
  3.53   0.00420223
  3.87   0.00644222
  3.93   0.00690534
  3.67   0.00788881
  4.62   0.00830902
  3.85   0.00843328
  3.78   0.00947742
  3.82   0.00986084
  4.82   0.01009057
  3.82   0.01155411
  3.88   0.01180251
  3.87   0.01208960
  3.96   0.01209226
  4.61   0.01234452
  3.88   0.01257538
  4.03   0.01260297
  3.75   0.01273418
  3.90   0.01284412
  3.86   0.01456053
  3.71   0.01485008
  3.58   0.01628462
  3.75   0.01638313
  3.81   0.01706674
  3.68   0.01731609
  3.89   0.01984649
  3.44   0.02023095
  3.83   0.02028783
  4.40   0.02113787
  4.13   0.02187906
  4.79   0.02261191
  3.95   0.02261767
  3.56   0.02344479
  3.92   0.02573863
  4.09   0.02604102
  4.64   0.02636388
  3.57   0.02690153
  4.54   0.02867224
  3.60   0.02984070
  3.73   0.03165018
  4.06   0.03167490
  3.71   0.03201415
  4.00   0.03228560
  3.54   0.03250244
  3.96   0.03356768
  4.25   0.03498771
  3.44   0.03523321
  3.78   0.03530935
  3.84   0.03635530
  3.64   0.03758940
  3.62   0.03760256
  4.52   0.03785936
  3.65   0.03839852
  3.75   0.03869329
  3.55   0.03945976
  4.24   0.03947567
  4.22   0.04021393
  4.11   0.04072914
  4.07   0.04180248
  3.89   0.04457937
  3.38   0.04510956
  3.97   0.04520799
  3.43   0.04684648
  3.53   0.04771628
  4.40   0.04829159
  4.64   0.04887694
  4.09   0.04989040
  3.96   0.05022889
  4.16   0.05121270
  3.75   0.05149248
  3.70   0.05151185
  3.56   0.05587693
  3.61   0.05598637
  4.89   0.05844455
  3.86   0.06279093
  4.04   0.06281065
  3.41   0.06330065
  3.48   0.06458629
  4.49   0.06463722
  3.42   0.06502951
  6.23   0.06582275
  3.40   0.06612446
  3.75   0.06656741
  3.38   0.06804220
  3.89   0.07020539
  4.17   0.07074464
  3.70   0.07117166
  3.68   0.07143004
  3.83   0.07147174
  3.71   0.07180463
  4.04   0.07241778
  3.81   0.07304686
  4.62   0.07986533
  3.54   0.07993375
  4.37   0.08093022
  3.74   0.08253656
  3.87   0.08322814
  3.68   0.08508940
  3.56   0.08634908
  4.69   0.08636079
  3.49   0.08916568
  4.13   0.09050713
  3.23   0.09135670
  3.98   0.09282998
  3.73   0.09325199
  3.83   0.09413839
  3.57   0.09455356
  3.30   0.09497083
  3.46   0.09636442
  3.23   0.09746749
  3.87   0.10424809
  4.10   0.10687104
  3.29   0.10836012
  3.91   0.10911733
  3.46   0.10966400
  3.75   0.11400326
  3.56   0.11463423
  3.78   0.11504734
  3.16   0.11510697
  3.41   0.11542711
  3.73   0.11575414
  3.52   0.11630629
  4.70   0.11771679
  3.76   0.11792122
  3.52   0.11841970
  3.44   0.11926529
  4.26   0.12156046
  4.31   0.12419403
  3.55   0.12707105
  3.46   0.12787670
  4.00   0.12849824
  3.71   0.13138586
  5.39   0.13392441
  3.35   0.13506247
  4.66   0.13569285
  3.62   0.13614265
  4.36   0.13731732
  3.39   0.13779376
  3.46   0.14078829
  3.22   0.14127896
  3.87   0.14304918
  3.45   0.14413428
  3.43   0.14480774
  3.57   0.14483209
  3.24   0.14561394
  3.44   0.14723434
  3.73   0.14730474
  3.16   0.14950175
  3.42   0.15098434
  4.40   0.15191610
  3.31   0.15204353
  3.68   0.15540483
  3.23   0.15578792
  4.00   0.15584594
  3.77   0.15726169
  3.33   0.15905601
  3.30   0.16107180
  3.80   0.16107180
  3.57   0.16216980
  3.82   0.16299886
  3.28   0.16549901
  3.15   0.16602957
  3.27   0.16690574
  4.30   0.16732982
  3.55   0.16789034
  3.49   0.16943654
  3.77   0.17084987
  3.18   0.17292659
  3.57   0.17315639
  3.46   0.17454861
  4.40   0.17467752
  3.73   0.17517394
  3.35   0.17558370
  3.70   0.17716974
  3.31   0.18209913
  3.19   0.18337313
  3.33   0.18394156
  3.33   0.18800845
  3.40   0.18905869
  4.26   0.18995142
  3.38   0.19111454
  3.20   0.19335174
  3.76   0.19507167
  3.37   0.19563000
  4.04   0.20048194
  3.82   0.20273882
  3.51   0.20505927
  4.77   0.20930366
  3.59   0.20987952
  3.60   0.21033570
  4.20   0.21212983
  3.24   0.21231508
  3.50   0.21365889
  3.33   0.21495715
  3.47   0.21776058
  3.12   0.21898481
  4.35   0.21953071
  4.17   0.21958660
  3.38   0.22256251
  3.55   0.22261634
  3.71   0.22357404
  3.67   0.22664565
  3.63   0.22704645
  4.15   0.23006760
  3.34   0.23383950
  3.51   0.23384593
  3.28   0.23459484
  3.38   0.23500990
  3.22   0.23587619
  3.13   0.24097474
  3.29   0.24143423
  5.01   0.24197564
  4.50   0.24256162
  3.62   0.24441269
  3.43   0.24503126
  3.93   0.24552069
  3.42   0.24873040
  3.26   0.24923258
  3.13   0.24931594
  3.29   0.24963480
  3.23   0.24972027
  3.09   0.25073633
  3.23   0.25254094
  3.46   0.25258584
  4.73   0.25572734
  3.65   0.25581335
  3.08   0.25750897
  3.04   0.25835760
  3.53   0.25839878
  4.45   0.25915828
  3.26   0.26304942
  2.98   0.26415982
  3.68   0.26458928
  3.89   0.26587873
  3.78   0.26924922
  3.68   0.26970195
  3.50   0.27049577
  3.23   0.27067893
  3.26   0.27205559
  3.09   0.27296045
  3.96   0.27403012
  4.06   0.27477481
  3.70   0.27592757
  4.06   0.27607374
  3.42   0.27635744
  4.65   0.27718424
  4.12   0.27981446
  3.34   0.28125717
  3.19   0.28350057
  3.13   0.28430568
  3.50   0.28502545
  3.99   0.28715031
  3.17   0.29007789
  7.30   0.29294023
  3.80   0.29445422
  3.49   0.29468060
  3.40   0.29488955
  2.97   0.30105128
  3.28   0.30769706
  3.26   0.30792519
  3.71   0.31187071
  3.48   0.31239336
  3.21   0.31253975
  3.20   0.31466800
  3.76   0.31497740
  3.31   0.31683747
  2.94   0.31980811
  3.05   0.32209481
  3.25   0.32278687
  3.66   0.32305954
  4.73   0.32829947
  3.35   0.33205207
  2.99   0.33361816
  3.26   0.33492730
  3.22   0.33515939
  2.92   0.33673401
  3.81   0.33750858
  3.46   0.33823736
  5.02   0.33924276
  3.18   0.34025387
  3.22   0.34166566
  3.00   0.34389263
  3.21   0.34596903
  2.88   0.34823708
  3.65   0.34857599
  3.21   0.35098300
  3.77   0.35279446
  3.09   0.35304232
  3.47   0.35500249
  3.18   0.35631937
  3.78   0.35688774
  3.54   0.35713850
  5.46   0.35874486
  3.03   0.35919779
  2.95   0.35931993
  3.24   0.36193011
  3.83   0.36473558
  3.25   0.36700532
  4.41   0.36856703
  3.30   0.36982425
  3.28   0.37124208
  3.09   0.37197546
  3.09   0.37267948
  4.81   0.37446367
  3.32   0.37474369
  3.16   0.37640086
  3.25   0.37728099
  3.19   0.37792335
  3.16   0.38062800
  2.92   0.38069580
  2.82   0.38164095
  3.56   0.38217007
  2.88   0.38292647
  3.47   0.38678502
  3.22   0.39220454
  2.81   0.39295815
  2.96   0.39658490
  3.09   0.40246347
  3.57   0.40269002
  3.68   0.40410878
  3.38   0.40455371
  3.09   0.40516341
  3.44   0.40552028
  2.92   0.40749223
  3.04   0.40952211
  3.03   0.41198912
  3.23   0.41356408
  3.88   0.41383387
  3.56   0.41415305
  3.32   0.42280083
  3.60   0.42806962
  3.48   0.42895618
  3.10   0.42968030
  3.04   0.43076692
  3.50   0.43257982
  4.28   0.43601905
  3.75   0.43850671
  3.09   0.43996515
  3.09   0.44245857
  3.27   0.44373308
  3.56   0.44612510
  2.77   0.44894738
  3.82   0.44929576
  3.24   0.44989232
  2.93   0.45109613
  3.22   0.45151486
  3.09   0.45662100
  3.63   0.45869094
  2.95   0.46030671
  4.33   0.46039869
  3.37   0.46317654
  3.20   0.46414013
  4.02   0.46444838
  3.70   0.46649534
  2.88   0.46664184
  4.37   0.46779237
  3.20   0.46850541
  3.37   0.47082909
  3.37   0.47098449
  3.10   0.47191902
  3.14   0.47223100
  4.35   0.47230789
  4.46   0.47248905
  3.23   0.47673448
  3.12   0.47918866
  2.88   0.48057601
  4.61   0.48405843
  3.24   0.48668607
  2.74   0.48697975
  5.19   0.48920124
  5.10   0.49032747
  3.22   0.49070700
  2.98   0.49074498
  2.93   0.49151798
  3.44   0.49155563
  3.19   0.49697233
  3.13   0.49835285
  3.37   0.49944854
  3.28   0.50197401
  3.54   0.50265285
  4.01   0.50339169
  2.81   0.50380123
  3.51   0.50404709
  2.92   0.50561485
  3.07   0.50604006
  3.10   0.50773286
  2.82   0.50989950
  3.10   0.51245280
  2.78   0.51285836
  2.74   0.51569793
  2.87   0.51696869
  4.04   0.51934954
  2.91   0.52211187
  2.88   0.52312796
  3.02   0.52336141
  2.91   0.52586889
  3.07   0.52757801
  3.23   0.52932807
  3.13   0.53125325
  3.43   0.53291020
  3.03   0.53737307
  3.23   0.53892705
  2.89   0.54152496
  3.65   0.54502019
  3.88   0.54610791
  3.16   0.54702524
  3.14   0.55158240
  3.99   0.55388768
  3.39   0.55453406
  3.73   0.55664427
  3.50   0.55919631
  3.53   0.56037555
  3.10   0.56080049
  2.98   0.56167606
  4.19   0.56189124
  3.24   0.56390833
  3.77   0.56455256
  2.98   0.56473449
  2.98   0.56502182
  3.29   0.56806952
  3.54   0.56897886
  3.33   0.57224992
  2.78   0.57611798
  3.53   0.57779436
  3.34   0.57852556
  3.48   0.58173218
  2.77   0.58348891
  3.48   0.58494814
  3.05   0.58613300
  3.19   0.58784231
  2.88   0.58795639
  3.95   0.58902801
  3.22   0.59318883
  3.21   0.59382872
  2.83   0.59407512
  2.94   0.59688964
  3.38   0.59870815
  3.69   0.60000395
  2.93   0.60112440
  3.05   0.61224095
  3.04   0.61549226
  3.13   0.61589081
  3.10   0.61660829
  4.26   0.61696085
  3.16   0.62045992
  2.80   0.62058700
  3.44   0.62258658
  3.36   0.62506610
  2.94   0.62773007
  3.29   0.62944887
  3.02   0.63037504
  2.93   0.63126924
  3.16   0.63178700
  3.22   0.63378384
  3.24   0.63415927
  3.13   0.63630858
  3.20   0.63654152
  3.84   0.63688727
  3.52   0.63741126
  3.28   0.63743310
  2.92   0.63787410
  2.90   0.64013954
  2.90   0.64034310
  3.01   0.64283139
  3.18   0.64493147
  4.14   0.64692256
  3.19   0.64876814
  2.73   0.65011838
  3.65   0.65353869
  2.84   0.65643036
  3.41   0.65758362
  3.51   0.65799634
  3.58   0.65819915
  2.98   0.65965967
  3.22   0.66167799
  3.42   0.66452074
  3.40   0.66471252
  3.19   0.66476142
  3.27   0.67249612
  3.16   0.67415893
  3.54   0.67482181
  3.50   0.67659621
  2.74   0.67822792
  5.20   0.67865800
  2.83   0.68024796
  2.98   0.68273704
  2.90   0.68495803
  2.99   0.68821242
  3.11   0.68872794
  2.94   0.69108661
  2.96   0.69145888
  3.51   0.69406465
  3.10   0.69532804
  4.11   0.69638982
  3.72   0.69917112
  2.88   0.69991230
  2.82   0.70170274
  3.50   0.70203537
  3.16   0.70398159
  2.91   0.70867853
  3.33   0.70940666
  3.65   0.71388122
  3.94   0.71541081
  2.81   0.71552812
  2.99   0.71780881
  2.76   0.71820174
  2.70   0.71835951
  3.23   0.71847794
  3.58   0.71946139
  2.80   0.72060128
  3.25   0.72124779
  2.98   0.72467687
  3.32   0.72597929
  3.22   0.72887414
  3.68   0.73018211
  4.09   0.73153715
  3.61   0.73171786
  3.52   0.73330864
  3.56   0.73808151
  3.50   0.73866834
  3.63   0.73957617
  4.86   0.74478311
  2.82   0.74776566
  3.12   0.74839333
  2.92   0.74985188
  4.45   0.75106769
  3.06   0.75189824
  3.66   0.75271813
  3.22   0.75347245
  2.66   0.75422580
  2.74   0.75763820
  3.47   0.76358216
  2.75   0.76484522
  3.07   0.77151489
  2.83   0.77192120
  3.43   0.77202907
  2.73   0.77283238
  3.61   0.77751397
  3.01   0.77844034
  3.46   0.77877349
  3.37   0.78171830
  3.14   0.78317289
  3.16   0.78402554
  3.42   0.78493963
  4.06   0.78564238
  2.95   0.78698170
  3.06   0.79089382
  2.89   0.79142089
  2.67   0.79559768
  3.01   0.79626131
  3.20   0.79728817
  3.03   0.79938281
  3.20   0.79963858
  3.78   0.80150151
  3.11   0.80191441
  3.23   0.80371470
  3.84   0.80572321
  3.26   0.81112321
  4.10   0.81387497
  3.23   0.81714882
  3.29   0.81864899
  3.73   0.82170993
  3.20   0.82315499
  3.01   0.82419936
  3.21   0.82497923
  3.02   0.82718932
  2.79   0.82818017
  2.79   0.82835227
  2.95   0.83253038
  3.55   0.83295177
  3.83   0.83345966
  3.47   0.83774767
  2.96   0.83925857
  2.95   0.84252544
  3.36   0.84344755
  3.11   0.84428408
  2.95   0.84458103
  2.90   0.84488534
  3.32   0.84778701
  3.22   0.85093643
  2.86   0.85538395
  3.98   0.85633858
  3.19   0.85756260
  3.55   0.85944791
  2.76   0.86365268
  2.96   0.86375785
  3.07   0.86378343
  3.03   0.86526087
  4.08   0.87196194
  4.13   0.87266060
  3.86   0.87322903
  2.72   0.87459552
  2.73   0.87650194
  2.72   0.88212291
  3.55   0.88305215
  4.67   0.88409637
  3.08   0.88422377
  2.72   0.88494840
  2.75   0.88498939
  3.12   0.89024598
  2.70   0.89096585
  3.07   0.89289325
  2.67   0.89300173
  3.06   0.89579231
  2.72   0.89739866
  2.66   0.90319158
  3.41   0.90482064
  2.86   0.90605420
  2.67   0.90862137
  4.00   0.91609059
  2.88   0.91903081
  3.59   0.92317046
  2.84   0.92442601
  2.67   0.92443623
  5.28   0.92511427
  3.29   0.92765020
  3.36   0.92858143
  3.63   0.92997598
  2.83   0.93785032
  3.06   0.94085377
  4.31   0.94253791
  3.26   0.94361032
  2.95   0.94976719
  3.69   0.95427780
  5.09   0.95427962
  2.73   0.95436193
  2.69   0.95753311
  3.22   0.95763704
  2.98   0.95811361
  2.75   0.96108067
  3.08   0.96318689
  3.49   0.96781240
  3.45   0.97413375
  3.46   0.97490620
  3.13   0.97702534
  2.80   0.97820144
  3.43   0.97985116
  2.79   0.98066428
  3.61   0.98471496
  3.28   0.98482397
  3.57   0.98548664
  2.60   0.98670527
  3.75   0.99062962
  4.14   0.99281381
  3.46   0.99899381
  2.84   1.00023430
  3.84   1.00320292
  3.40   1.00557960
  2.70   1.00795743
  2.59   1.01120160
  3.14   1.01473734
  4.92   1.02016225
  2.90   1.02077642
  2.90   1.02094095
  2.90   1.02107312
  3.03   1.02430776
  3.22   1.02621644
  3.07   1.02673735
  2.88   1.02846250
  3.24   1.02854011
  3.11   1.03541281
  2.80   1.03787396
  3.28   1.03900338
  2.89   1.05295008
  3.37   1.05565361
  2.80   1.05618360
  2.62   1.05675640
  2.96   1.05761505
  2.95   1.06409511
  3.12   1.06435356
  3.02   1.06480624
  2.74   1.06582340
  2.67   1.06703059
  3.89   1.06713246
  2.80   1.06979801
  2.87   1.07460398
  2.94   1.07799929
  2.63   1.07824822
  2.76   1.08007798
  2.94   1.08296439
  3.05   1.08404659
  3.08   1.08639003
  2.92   1.08834420
  2.82   1.09037078
  3.60   1.09166425
  3.53   1.09629163
  3.03   1.09733574
  4.12   1.09950566
  3.52   1.10054560
  3.82   1.10155470
  3.19   1.10324445
  4.76   1.10329337
  4.18   1.10661822
  2.76   1.10846739
  3.87   1.10898099
  3.12   1.11169355
  4.01   1.11230600
  3.39   1.11747317
  3.07   1.11875873
  3.70   1.12152756
  2.90   1.12235418
  2.93   1.12557172
  3.24   1.12723745
  2.91   1.13155159
  3.50   1.13277533
  2.80   1.13396479
  4.55   1.13399705
  3.00   1.13431327
  2.90   1.13556709
  3.08   1.13626110
  2.81   1.13639301
  3.01   1.13845208
  4.27   1.14345735
  2.58   1.14411734
  3.09   1.14682191
  2.68   1.14780933
  3.11   1.14862132
  3.05   1.15248435
  2.61   1.15390700
  3.43   1.15781332
  3.47   1.16018493
  2.99   1.16300359
  2.72   1.17031098
  3.31   1.17305553
  3.38   1.18220440
  3.76   1.18464366
  3.76   1.18568832
  2.67   1.18591345
  2.83   1.18645723
  3.41   1.18899922
  2.90   1.19000107
  4.99   1.19763586
  3.23   1.20268149
  3.38   1.20358260
  3.37   1.20586968
  2.70   1.21201483
  2.52   1.21377902
  4.54   1.22566411
  4.39   1.22587150
  3.01   1.22711490
  3.74   1.23065373
  2.70   1.23652671
  3.22   1.24156649
  3.19   1.24316408
  2.72   1.24380314
  3.27   1.24902456
  2.99   1.24983772
  3.13   1.25300328
  2.79   1.25944598
  2.93   1.26089779
  3.02   1.26703009
  2.58   1.27078341
  2.63   1.27271668
  2.70   1.27399357
  3.37   1.27411920
  3.42   1.27449577
  3.48   1.27831093
  2.55   1.28183330
  4.59   1.28235215
  3.22   1.28341563
  3.03   1.28413977
  2.80   1.29424498
  4.28   1.29482410
  2.90   1.29761296
  3.06   1.29801533
  2.89   1.29823307
  2.97   1.30648225
  5.06   1.30743306
  2.79   1.31381745
  2.68   1.31392615
  4.15   1.31536488
  2.88   1.31638393
  2.54   1.32408766
  3.35   1.32585909
  3.03   1.32590848
  2.61   1.32716095
  3.20   1.33007172
  3.62   1.33231168
  2.71   1.33657634
  2.90   1.33990691
  2.77   1.35913075
  3.62   1.36249578
  2.64   1.36253275
  3.02   1.36369637
  2.74   1.37105684
  2.62   1.37224916
  2.65   1.37428490
  3.16   1.37792656
  2.59   1.38141146
  3.72   1.38279312
  3.66   1.38343717
  3.05   1.38959403
  3.15   1.39269568
  2.74   1.39388896
  2.84   1.39495992
  2.92   1.40189155
  2.82   1.40388140
  3.01   1.40501000
  3.22   1.40526362
  2.95   1.40865279
  3.05   1.40878333
  3.40   1.41220678
  2.81   1.41237956
  2.78   1.41416031
  3.58   1.41737841
  3.38   1.41777596
  2.71   1.42000014
  3.58   1.42078219
  2.60   1.42204766
  2.55   1.42375138
  2.69   1.42590493
  3.04   1.42617001
  2.75   1.42652016
  3.47   1.42900704
  3.58   1.42958198
  2.71   1.43012859
  2.98   1.43234640
  5.79   1.43246813
  3.51   1.43380389
  2.89   1.43555669
  2.69   1.43674822
  2.87   1.43718731
  3.62   1.43768543
  3.10   1.43894928
  3.10   1.44245308
  2.74   1.44307511
  2.88   1.44324854
  3.03   1.44505869
  2.95   1.44850267
  4.40   1.45197769
  2.72   1.45447396
  2.79   1.45596735
  3.09   1.45743505
  3.13   1.47960133
  2.70   1.48057838
  3.18   1.48211251
  3.88   1.48567911
  2.63   1.48673746
  2.78   1.48841829
  2.87   1.48879868
  2.60   1.48950719
  3.01   1.49489975
  3.15   1.49989118
  3.20   1.50295481
  2.87   1.50648087
  3.14   1.50942516
  2.60   1.51182893
  3.79   1.51254275
  2.94   1.52287591
  3.17   1.52779415
  2.78   1.53032709
  2.81   1.54222777
  2.55   1.54912659
  2.84   1.55053786
  2.86   1.55897560
  2.96   1.55965210
  3.43   1.56129850
  2.67   1.56142946
  2.95   1.56220136
  3.42   1.56354666
  2.76   1.57485522
  3.35   1.57517701
  2.66   1.57559243
  2.66   1.57685179
  2.99   1.58224912
  2.66   1.58781170
  3.15   1.58851861
  2.58   1.58977647
  2.59   1.59142430
  2.77   1.59262971
  2.51   1.59542553
  3.33   1.59546509
  2.77   1.59547160
  3.66   1.59651545
  2.94   1.59667115
  2.62   1.59791213
  2.84   1.59941712
  2.79   1.60043980
  3.06   1.60540372
  2.79   1.61014225
  3.60   1.61079252
  2.92   1.61148448
  2.54   1.61314502
  2.84   1.61904799
  2.81   1.62104792
  2.70   1.62114609
  3.14   1.62402131
  2.70   1.62652774
  2.65   1.63004872
  3.74   1.63104851
  2.64   1.63701141
  3.77   1.64044183
  2.71   1.64105739
  3.56   1.64169233
  3.12   1.64660994
  3.20   1.64827027
  3.14   1.65174016
  3.11   1.65259374
  3.03   1.65401420
  3.96   1.65496037
  3.02   1.65592492
  2.56   1.65662620
  2.74   1.65724920
  2.96   1.65749635
  2.75   1.65839994
  3.53   1.65843016
  3.24   1.66078229
  2.77   1.66105352
  3.81   1.66527964
  3.30   1.66784435
  3.22   1.67171584
  3.36   1.67634687
  3.15   1.67896156
  2.85   1.68017675
  3.35   1.68286494
  2.95   1.69056928
  2.60   1.69156541
  3.04   1.69397426
  4.35   1.69431012
  3.63   1.69644075
  2.61   1.69671149
  3.38   1.70283384
  2.65   1.70643566
  2.69   1.70685849
  2.71   1.71067848
  3.34   1.71143295
  3.27   1.71337414
  3.63   1.71367370
  2.81   1.71508207
  4.91   1.71940739
  2.73   1.72094044
  2.79   1.72642425
  2.77   1.73444305
  3.25   1.73560328
  2.65   1.73621173
  2.82   1.74024632
  4.10   1.74113088
  3.67   1.74361655
  3.45   1.74787923
  2.53   1.74875859
  2.72   1.75188247
  2.55   1.75361034
  3.46   1.75425432
  2.59   1.75449910
  2.62   1.75578820
  3.05   1.75598713
  3.50   1.75810782
  2.81   1.76265082
  2.80   1.76276598
  2.87   1.77584560
  2.55   1.77850524
  2.69   1.78050816
  2.61   1.78216098
  3.00   1.78377856
  3.36   1.79051360
  2.54   1.79127755
  2.95   1.79354635
  2.58   1.79380410
  2.86   1.79503403
  3.07   1.79692730
  2.95   1.80419023
  2.61   1.80531512
  2.76   1.80932862
  3.51   1.81007572
  2.93   1.81397829
  2.89   1.81509629
  2.99   1.81913029
  3.31   1.81918896
  2.51   1.82048901
  2.59   1.82978473
  3.10   1.83462997
  2.68   1.83567068
  2.83   1.83605827
  2.87   1.84203434
  2.90   1.84250766
  2.81   1.84966502
  2.85   1.85157609
  3.00   1.85257383
  2.67   1.86058800
  4.31   1.86236141
  3.14   1.86455645
  2.65   1.86555707
  3.02   1.86745888
  3.20   1.87120532
  2.83   1.88236891
  2.67   1.88381299
  4.53   1.89442353
  2.64   1.89451820
  3.58   1.89710781
  2.89   1.89942218
  2.59   1.90056731
  2.83   1.90580386
  2.58   1.91233492
  2.65   1.91851287
  2.92   1.91985688
  2.60   1.93003894
  3.00   1.93005660
  3.47   1.93600742
  2.52   1.93926972
  4.46   1.94769010
  3.03   1.95109256
  2.51   1.95322690
  2.55   1.95990523
  2.86   1.96391317
  3.33   1.97234797
  2.84   1.97446389
  2.66   1.97487553
  2.73   1.97806035
  3.94   1.98252480
  3.02   1.98967579
  2.57   1.99164594
  3.32   1.99521153
  3.52   1.99578857
  2.72   1.99674685
  3.32   2.00637029
  2.60   2.01436818
  3.05   2.01609673
  2.91   2.02068206
  3.61   2.02122002
  2.73   2.02188348
  2.91   2.02892536
  3.75   2.03659000
  4.17   2.03896753
  2.73   2.04255959
  2.61   2.04488314
  2.91   2.04508386
  2.66   2.05778527
  2.77   2.06419181
  2.69   2.06536070
  2.92   2.06652875
  2.73   2.06841416
  2.56   2.06883447
  2.70   2.07344585
  2.60   2.08605518
  2.72   2.09155701
  3.27   2.09446332
  3.16   2.09613066
  3.08   2.09673537
  3.83   2.10809708
  3.31   2.12373010
  2.59   2.12453713
  2.69   2.12786346
  2.52   2.13167048
  3.00   2.13529248
  2.69   2.13544966
  2.84   2.13969060
  2.85   2.14183814
  2.60   2.14372486
  2.95   2.15046038
  3.69   2.16019797
  2.73   2.16264780
  3.11   2.16270188
  3.04   2.16948861
  2.92   2.17473646
  2.62   2.17769616
  3.64   2.18234220
  3.13   2.18475042
  2.79   2.18731603
  3.48   2.19474889
  2.73   2.19478225
  3.09   2.19830349
  2.92   2.20201411
  3.18   2.20917390
  2.71   2.21146804
  3.56   2.21645361
  2.65   2.21688350
  2.54   2.22247496
  4.52   2.23053806
  2.82   2.23633821
  3.15   2.23657112
  2.75   2.24013098
  3.44   2.24130270
  2.87   2.24546897
  3.35   2.24695566
  3.34   2.24749587
  2.53   2.25267369
  2.63   2.25387323
  3.42   2.25755195
  3.36   2.27042569
  3.69   2.27237060
  2.88   2.28059746
  3.33   2.28212213
  3.10   2.28333602
  3.08   2.28886710
  2.56   2.29699625
  2.71   2.29784797
  2.63   2.30751710
  2.83   2.31146721
  2.62   2.31675303
  3.10   2.31864336
  3.60   2.31958293
  2.79   2.32235117
  3.40   2.32310251
  3.71   2.32351599
  2.82   2.32392245
  3.41   2.32993174
  2.50   2.33074126
  2.83   2.33177164
  4.06   2.33349109
  3.05   2.33640063
  2.63   2.33687292
  2.88   2.33704123
  2.82   2.34801159
  2.53   2.34912727
  2.54   2.35717129
  3.13   2.35906980
  2.77   2.35937605
  2.87   2.36342219
  2.76   2.37329996
  4.08   2.37399682
  2.55   2.37633885
  3.01   2.37683705
  2.70   2.38121517
  3.70   2.38802509
  3.51   2.38915468
  4.92   2.38964649
  2.81   2.39577484
  2.84   2.41160189
  2.76   2.42631961
  3.12   2.42966749
  2.76   2.43049530
  2.51   2.43971672
  2.75   2.44743789
  2.88   2.44917597
  2.61   2.45103281
  3.66   2.45407352
  3.12   2.46182902
  2.79   2.46202790
  3.19   2.46222277
  2.53   2.46250765
  3.10   2.46644374
  3.37   2.46767922
  2.52   2.47548535
  2.90   2.49219538
  2.56   2.49252740
  2.78   2.49489459
  2.67   2.49685169
  2.85   2.50574856
  2.64   2.51655725
  2.84   2.51736626
  2.79   2.51760139
  2.89   2.52122251
  2.90   2.52235491
  3.31   2.52359254
  2.56   2.52402715
  2.58   2.52418777
  2.57   2.52828515
  2.99   2.52849905
  2.81   2.53054652
  2.59   2.54536085
  2.86   2.54838578
  2.54   2.55426818
  3.88   2.55651459
  2.62   2.56076900
  2.75   2.57052974
  2.86   2.57758211
  3.24   2.57802804
  2.83   2.58708154
  2.87   2.58749633
  2.52   2.59299314
  3.41   2.59935986
  2.73   2.61202066
  2.54   2.61274105
  2.86   2.61477636
  3.01   2.61890057
  2.73   2.62184513
  3.47   2.62397505
  2.57   2.62870780
  4.35   2.63212344
  5.38   2.63238725
  3.32   2.63768588
  2.63   2.63964115
  2.61   2.64130700
  5.56   2.64711103
  2.65   2.65189270
  3.44   2.65441931
  2.56   2.65479262
  3.77   2.65745062
  2.61   2.65943932
  2.64   2.67126120
  3.19   2.67483222
  3.04   2.68748730
  2.71   2.68770399
  2.76   2.69281389
  3.82   2.69384736
  2.58   2.69730540
  3.88   2.70037234
  3.90   2.70097105
  2.96   2.71007593
  2.85   2.71805261
  2.55   2.72039542
  2.65   2.72779998
  3.70   2.73015448
  3.54   2.73168579
  5.10   2.73407628
  2.75   2.73901412
  3.07   2.74267400
  2.79   2.74918495
  2.95   2.75172874
  2.84   2.75425721
  3.31   2.76151631
  2.74   2.76408706
  2.62   2.76529635
  3.20   2.76660573
  4.36   2.77178121
  3.85   2.77361248
  2.70   2.77994801
  3.34   2.78114271
  2.55   2.78597440
  2.67   2.78822946
  3.18   2.79221713
  3.05   2.79384828
  2.99   2.79707986
  3.85   2.79865862
  3.38   2.80351851
  4.16   2.80499133
  2.82   2.80664535
  2.79   2.81034946
  3.41   2.81279450
  3.40   2.82853558
  2.60   2.83229009
  2.68   2.84085648
  2.56   2.84232177
  2.76   2.85550815
  2.72   2.85692218
  2.91   2.85703910
  2.62   2.85855708
  2.51   2.85962988
  3.02   2.86958643
  2.97   2.87427509
  3.27   2.88034308
  2.97   2.88675156
  3.01   2.89246006
  2.86   2.90062781
  2.72   2.90109572
  2.96   2.90327790
  2.51   2.91045202
  2.71   2.91225353
  2.71   2.91226587
  2.94   2.91642356
  2.56   2.92509816
  3.62   2.92621711
  2.95   2.92802131
  2.53   2.92941712
  3.14   2.93229266
  3.29   2.93496575
  3.16   2.93624417
  2.66   2.93728400
  3.04   2.93742448
  2.68   2.93980304
  3.61   2.94104144
  3.01   2.94127818
  2.94   2.94368117
  2.70   2.94691517
  2.53   2.95119224
  3.73   2.95188248
  3.10   2.95566512
  2.80   2.96007114
  2.73   2.96269013
  2.61   2.96439086
  3.06   2.97444199
  2.54   2.97572042
  3.43   2.98296732
  3.20   2.98733793
  3.84   2.98739310
  2.62   2.99107293
  2.60   2.99440491
  2.82   2.99676277
  3.66   2.99986229
  2.85   3.00847831
  3.41   3.01588895
  2.51   3.01668105
  2.74   3.02410503
  2.72   3.02638953
  2.88   3.03161698
  2.83   3.03450264
  3.87   3.04448148
  2.67   3.04742288
  2.60   3.05018569
  3.05   3.05029239
  2.66   3.05053690
  2.83   3.05829180
  3.65   3.06315626
  3.54   3.06397478
  2.67   3.06428284
  3.66   3.06453889
  3.64   3.06677853
  2.54   3.07127042
  3.61   3.07249847
  2.72   3.08685956
  2.73   3.08747148
  3.61   3.09929632
  2.79   3.10170652
  2.98   3.10606978
  2.64   3.10869594
  2.53   3.11097384
  2.51   3.11367957
  2.85   3.11669158
  3.72   3.11990301
  2.83   3.12353307
  2.79   3.12676906
  2.68   3.12869560
  3.47   3.13942037
  2.78   3.13995377
  2.74   3.15851909
  3.15   3.16210500
  2.52   3.16505402
  3.39   3.18198998
  3.55   3.20812342
  2.75   3.20992587
  2.54   3.22267449
  2.83   3.23239651
  3.18   3.23404179
  2.71   3.23957705
  3.56   3.24044465
  2.59   3.24704319
  2.60   3.26133043
  2.64   3.26219009
  5.15   3.26525979
  2.96   3.26767513
  2.72   3.27450003
  2.69   3.28569926
  3.17   3.28841119
  2.83   3.30131537
  3.03   3.31401526
  2.51   3.32984306
  4.30   3.33576753
  3.07   3.34148532
  2.91   3.34195370
  2.77   3.34330437
  5.20   3.34829466
  3.50   3.34872322
  3.28   3.35130086
  2.51   3.35472888
  2.61   3.36531822
  3.74   3.36953412
  2.66   3.37252117
  2.77   3.37864606
  2.55   3.39788380
  2.55   3.40246129
  2.88   3.41784682
  4.38   3.41988012
  2.52   3.42260351
  2.51   3.42590642
  2.66   3.42789119
  2.85   3.43614838
  3.20   3.43894602
  2.56   3.44186093
  2.68   3.44869501
  3.38   3.45234088
  2.90   3.46302818
  3.09   3.46411454
  2.63   3.46550034
  3.14   3.48279882
  2.68   3.48299990
  2.92   3.48509522
  2.54   3.48860171
  2.92   3.49117461
  2.68   3.51209778
  2.66   3.51748336
  3.22   3.51786825
  2.59   3.52199311
  2.65   3.53237891
  2.68   3.53267524
  2.50   3.54051300
  2.97   3.54374411
  2.92   3.54659492
  2.61   3.56795415
  2.71   3.56923255
  2.57   3.57853187
  2.56   3.57893392
  2.74   3.57947091
  3.26   3.58139187
  2.60   3.58201315
  2.58   3.58538424
  2.57   3.58555309
  3.58   3.59135618
  2.78   3.59486376
  5.20   3.59518983
  2.77   3.59962253
  2.66   3.60230866
  3.73   3.60543616
  3.13   3.60604488
  2.59   3.61548808
  2.52   3.61980441
  2.64   3.62710274
  2.80   3.62864149
  2.54   3.62969420
  2.62   3.63311164
  2.51   3.63801232
  2.71   3.63889290
  2.78   3.63890915
  2.91   3.64289977
  3.61   3.64847054
  2.63   3.65063980
  2.65   3.65691438
  2.84   3.65705784
  3.18   3.66055178
  2.60   3.66665245
  2.65   3.66826708
  3.90   3.68972893
  2.58   3.69663943
  2.75   3.69760009
  2.73   3.70974140
  2.55   3.71098774
  2.62   3.71760459
  3.02   3.71805600
  3.30   3.71827548
  2.57   3.72532449
  2.77   3.73577345
  3.25   3.73730927
  2.78   3.73840858
  2.56   3.74523629
  2.64   3.74917595
  2.64   3.74948160
  2.85   3.76703005
  3.23   3.76832572
  2.72   3.77167745
  2.53   3.78358401
  2.57   3.78757140
  2.74   3.78757263
  3.55   3.79365212
  2.56   3.79615546
  2.53   3.81196558
  2.79   3.81373515
  2.79   3.81559513
  4.15   3.82445407
  2.62   3.82600647
  3.60   3.82669081
  3.19   3.84957547
  2.82   3.85789715
  2.60   3.85889203
  3.16   3.85937741
  2.64   3.86044833
  3.28   3.86924782
  2.95   3.90305425
  3.27   3.90337046
  2.56   3.90489674
  2.90   3.91654026
  3.34   3.92449678
  2.56   3.92512187
  3.07   3.93749228
  2.96   3.93804361
  3.15   3.93937349
  3.11   3.94205012
  2.73   3.95129765
  2.75   3.95172296
  3.00   3.95222755
  2.79   3.96361809
  2.62   3.97072935
  2.66   3.97244777
  2.64   3.98138894
  3.42   3.99301716
  2.52   3.99820752
  3.36   4.00357970
  2.73   4.00563803
  2.66   4.01015573
  2.92   4.01580234
  2.55   4.01942705
  3.02   4.03113580
  2.62   4.03526206
  2.50   4.04019818
  3.73   4.04068564
  2.60   4.04112313
  3.65   4.04125948
  3.78   4.04408356
  2.70   4.05213824
  3.18   4.05337730
  2.53   4.05451320
  2.91   4.09302074
  2.78   4.10620258
  2.51   4.10699113
  3.12   4.10932988
  2.59   4.11126057
  2.63   4.11355338
  2.54   4.11562595
  3.07   4.13199378
  2.60   4.13926486
  2.59   4.14382601
  2.60   4.14740652
  3.38   4.15051286
  3.72   4.15371085
  2.83   4.15825859
  2.60   4.15844494
  2.93   4.16785472
  2.99   4.17240573
  2.97   4.18416206
  2.52   4.19510351
  4.03   4.21718797
  2.51   4.21906842
  2.89   4.23440953
  3.14   4.23547983
  2.54   4.23953500
  3.00   4.24254117
  2.69   4.25611491
  3.01   4.25696675
  3.32   4.26112821
  4.22   4.27001686
  2.83   4.27475721
  3.82   4.27548161
  2.90   4.29034656
  2.95   4.29077927
  3.11   4.31738437
  2.71   4.31831503
  2.64   4.33396327
  2.65   4.33440036
  2.79   4.33619282
  2.67   4.36536079
  3.99   4.37547248
  2.50   4.37990803
  2.70   4.38564073
  4.01   4.39491706
  2.56   4.40398185
  2.70   4.40864223
  3.36   4.41497022
  2.73   4.41942728
  2.55   4.42032979
  2.55   4.42242395
  2.99   4.42596364
  2.84   4.43043781
  2.69   4.44629258
  3.75   4.45617459
  2.70   4.46934290
  2.52   4.47711964
  3.14   4.48169035
  3.72   4.48413699
  2.89   4.48470621
  2.92   4.51056237
  2.90   4.52031454
  2.88   4.52108431
  3.73   4.53096982
  3.12   4.53681620
  3.64   4.53976883
  3.23   4.54193950
  2.63   4.54277288
  2.54   4.54388352
  3.39   4.55406458
  3.51   4.55639213
  2.73   4.57440115
  2.57   4.57637152
  2.65   4.57671307
  2.75   4.57974996
  2.70   4.58204198
  4.19   4.59009855
  2.83   4.60521969
  2.88   4.60539889
  3.45   4.60879815
  4.64   4.61056565
  2.65   4.61294705
  3.32   4.61709756
  2.86   4.62095990
  2.61   4.62101856
  4.04   4.64102249
  2.79   4.64498542
  2.73   4.65017646
  2.56   4.65662135
  3.09   4.65706170
  3.88   4.66065480
  3.04   4.66155888
  2.57   4.66265767
  2.67   4.66534762
  2.87   4.67079670
  2.50   4.67117646
  2.56   4.68402394
  2.77   4.68733836
  2.72   4.68767161
  3.69   4.69294187
  3.67   4.69744845
  2.63   4.70716161
  2.54   4.71387198
  3.86   4.72068983
  2.94   4.72299163
  2.62   4.72386438
  2.72   4.72507134
  2.52   4.72947369
  2.78   4.73045800
  2.62   4.76296886
  2.67   4.77365874
  2.72   4.77912080
  3.08   4.78595015
  3.48   4.78602063
  3.35   4.78603675
  4.40   4.79000174
  3.02   4.79028676
  3.06   4.81043212
  6.00   4.83146506
  2.54   4.83199494
  4.58   4.84601358
  2.55   4.85246617
  2.67   4.85763804
  2.58   4.86501417
  3.09   4.86529186
  3.55   4.86812633
  3.25   4.87684840
  3.97   4.87760854
  3.08   4.87838320
  3.12   4.88642620
  2.62   4.90857672
  2.58   4.91400787
  2.74   4.91401188
  2.96   4.91454164
  2.53   4.91646884
  2.55   4.93148850
  2.93   4.94080618
  2.62   4.94287427
  2.55   4.97522627
  2.60   4.98085127
  3.53   4.98447122
  4.37   4.99133285
  3.17   5.02138191
  4.14   5.02800458
  3.33   5.02836668
  2.76   5.03567173
  3.38   5.03666467
  3.15   5.03825974
  2.63   5.04134011
  3.89   5.04416064
  3.55   5.04590616
  3.90   5.05027137
  2.82   5.06438407
  3.00   5.06532730
  2.63   5.07457459
  3.37   5.07830776
  2.93   5.09727934
  2.61   5.09970258
  2.60   5.12957509
  2.81   5.13481418
  2.80   5.14453727
  2.59   5.15012564
  2.62   5.15281179
  2.69   5.15337507
  2.60   5.15436418
  2.71   5.15471917
  2.61   5.15535567
  2.62   5.15770363
  2.70   5.16246696
  2.94   5.16468991
  3.06   5.17923242
  2.82   5.18752636
  2.79   5.20544988
  3.28   5.20615565
  2.82   5.20899228
  2.64   5.21111832
  2.60   5.21387197
  2.64   5.21652948
  2.76   5.21747766
  2.94   5.21784192
  3.70   5.22220384
  2.55   5.22417262
  2.60   5.23652986
  3.44   5.25724114
  3.54   5.26110516
  2.77   5.29485635
  2.50   5.30901406
  2.68   5.30952597
  3.91   5.31982086
  3.08   5.32807613
  2.73   5.32932926
  2.63   5.33924085
  2.58   5.34299138
  2.64   5.35106160
  2.64   5.35474522
  2.96   5.36370150
  2.90   5.37021567
  2.59   5.37923110
  2.99   5.37954800
  4.97   5.38614065
  2.63   5.40747861
  2.55   5.41035717
  2.55   5.41101930
  3.46   5.42613959
  3.79   5.42859425
  3.27   5.42895232
  2.52   5.44000261
  3.26   5.44021018
  3.10   5.44472506
  2.53   5.44517432
  2.70   5.44895074
  2.57   5.46224359
  2.50   5.46960917
  3.21   5.48525601
  2.70   5.48526177
  3.35   5.49206077
  2.80   5.49612398
  2.57   5.50281828
  3.38   5.51515764
  2.65   5.52151482
  2.75   5.52977503
  3.13   5.54437056
  4.12   5.54485317
  3.17   5.55017632
  2.58   5.55944847
  2.80   5.57155983
  2.61   5.57439127
  2.71   5.58107549
  2.77   5.58731677
  3.02   5.60574402
  2.52   5.62392464
  2.93   5.65290321
  2.51   5.66570356
  2.63   5.66707039
  2.50   5.66741953
  2.92   5.67946501
  2.56   5.68792048
  2.63   5.69681408
  2.62   5.71443211
  2.55   5.71911393
  3.18   5.73092715
  2.56   5.75616581
  2.66   5.75998457
  2.83   5.77010538
  2.57   5.77425314
  2.67   5.77464079
  2.54   5.77500072
  2.84   5.78100430
  2.61   5.79633506
  2.97   5.79808440
  2.70   5.81884528
  3.34   5.83095834
  2.62   5.83576292
  2.92   5.83814321
  3.53   5.84519027
  2.87   5.85801009
  2.67   5.86602490
  2.86   5.87573500
  2.63   5.87633898
  3.41   5.87684466
  3.00   5.88284052
  2.86   5.88920923
  3.88   5.88996322
  2.58   5.89531263
  2.57   5.89661149
  2.74   5.90119056
  2.61   5.91546414
  3.12   5.91890533
  3.63   5.92145540
  2.63   5.92646322
  2.55   5.93352211
  2.86   5.93572485
  2.55   5.93759027
  2.51   5.93797063
  2.67   5.94231153
  2.97   5.94600160
  2.88   5.94911743
  3.24   5.97364059
  2.60   5.98556664
  2.58   5.99001639
  2.52   5.99281249
  3.31   5.99491664
  2.58   6.01165752
  3.33   6.01370374
  2.93   6.01760488
  3.66   6.01819855
  3.28   6.03619612
  2.58   6.04695594
  2.68   6.08012891
  3.61   6.08809910
  4.37   6.09306501
  2.75   6.10983672
  2.72   6.11859834
  3.87   6.12351337
  3.06   6.12413523
  3.36   6.12736502
  3.04   6.13382465
  2.71   6.14010565
  3.10   6.14060871
  4.06   6.14098324
  2.54   6.14947283
  2.69   6.16376874
  3.77   6.17107615
  2.95   6.17825041
  2.56   6.17903484
  2.70   6.18334032
  2.66   6.18447412
  2.58   6.18742386
  3.38   6.19097922
  2.52   6.21824866
  2.57   6.23210578
  3.48   6.24322604
  2.56   6.24558631
  2.50   6.27591249
  2.88   6.28934289
  3.72   6.29225704
  2.63   6.29608632
  3.95   6.29610141
  2.95   6.29742877
  2.69   6.30495807
  3.09   6.30549987
  2.53   6.32027185
  2.69   6.32889313
  3.89   6.36811795
  3.05   6.38479976
  2.85   6.40292099
  2.79   6.40302310
  3.60   6.42488685
  2.77   6.42721840
  2.62   6.43353221
  2.86   6.43671042
  2.76   6.43727179
  2.79   6.44843698
  2.90   6.45407199
  2.73   6.46410115
  2.58   6.49723577
  3.06   6.50863758
  2.50   6.50933232
  2.73   6.51728572
  2.73   6.52006083
  2.73   6.52787325
  2.50   6.52931462
  2.58   6.54453897
  2.75   6.54699900
  2.71   6.55727721
  2.63   6.57562991
  2.65   6.58390553
  2.70   6.59165489
  2.94   6.59289524
  2.65   6.59941392
  2.57   6.60934470
  2.55   6.61926501
  3.09   6.62094158
  2.81   6.62989656
  2.63   6.63568174
  3.13   6.63619036
  3.22   6.65344669
  2.94   6.66561822
  2.53   6.67247150
  3.04   6.67364786
  3.74   6.67702575
  4.17   6.68023715
  2.77   6.68358665
  4.53   6.69792927
  2.81   6.69943047
  2.84   6.70181096
  3.21   6.73344098
  3.03   6.73385265
  4.57   6.75711582
  2.76   6.77140683
  2.88   6.78188231
  2.95   6.78289104
  2.55   6.78304528
  2.85   6.81811605
  3.13   6.81852762
  3.10   6.82148179
  2.88   6.82574227
  3.19   6.83587003
  3.13   6.84822604
  2.79   6.85420988
  2.67   6.87177952
  2.53   6.88176904
  3.17   6.88793914
  3.74   6.89534808
  2.68   6.90350007
  2.97   6.91599835
  2.72   6.93822828
  2.69   6.94007495
  2.64   6.94984930
  2.79   6.95039341
  3.57   6.95121874
  3.25   6.95597084
  2.54   6.95605747
  3.07   6.96117745
  2.75   6.98420692
  3.39   6.99348618
  3.04   7.00729911
  3.66   7.02230410
  2.62   7.03541195
  3.34   7.03909275
  2.85   7.04528041
  2.72   7.05222046
  3.19   7.05833239
  2.83   7.06481391
  2.69   7.06892600
  3.18   7.07338626
  2.59   7.07529405
  2.89   7.08471136
  3.19   7.08519210
  3.17   7.08879518
  2.88   7.10402346
  2.93   7.11193885
  2.54   7.12187882
  2.73   7.12260454
  2.89   7.13210821
  2.67   7.13384780
  2.92   7.14493031
  2.83   7.15698885
  2.52   7.15994708
  2.59   7.18983513
  2.73   7.19589689
  3.28   7.19650903
  2.93   7.20508910
  2.76   7.21464091
  2.54   7.22451537
  3.46   7.22579983
  3.21   7.24838812
  3.67   7.28553659
  3.00   7.29127450
  2.68   7.29260602
  3.30   7.29406622
  2.58   7.29660398
  2.51   7.30181127
  2.93   7.30291055
  2.76   7.33274407
  3.51   7.33295406
  2.90   7.33555211
  2.71   7.33688162
  3.75   7.33865141
  2.52   7.34056861
  2.53   7.43944397
  2.55   7.46221159
  2.68   7.51831640
  5.37   7.55644182
  2.51   7.56760961
  2.70   7.58588779
  2.82   7.60933379
  2.69   7.64784693
  3.38   7.66054170
  2.58   7.66681539
  2.58   7.66915830
  3.05   7.67152594
  2.60   7.68984923
  3.09   7.69458091
  2.65   7.70180602
  2.77   7.71515361
  2.92   7.72814116
  2.66   7.78069474
  2.51   7.79037921
  2.57   7.81475223
  2.69   7.83122132
  2.58   7.84573834
  3.36   7.84575715
  3.08   7.86121940
  3.05   7.86681110
  2.60   7.87845316
  2.75   7.90563101
  4.10   7.91340454
  2.54   7.94720796
  2.75   7.95175915
  2.62   7.97112359
  3.44   7.97428647
  2.62   7.97644044
  2.64   7.99935642
  3.29   8.00677456
  2.69   8.00875430
  3.23   8.01483710
  2.74   8.01803468
  2.60   8.04041125
  2.70   8.06880201
  3.09   8.07902645
  2.69   8.10401422
  3.68   8.14327366
  2.67   8.15170062
  2.71   8.16845178
  3.37   8.17235784
  2.91   8.18278372
  3.12   8.18401888
  2.65   8.19474389
  4.63   8.20343077
  2.66   8.21241283
  2.97   8.23212771
  2.54   8.24920152
  2.73   8.27770844
  3.39   8.30134169
  2.54   8.30214864
  3.31   8.37978023
  2.70   8.40679776
  2.97   8.42707615
  2.60   8.44755944
  5.26   8.45057531
  2.87   8.47280989
  2.84   8.49934761
  2.75   8.51446598
  2.75   8.51532393
  3.21   8.53793157
  2.56   8.54251593
  2.52   8.54839839
  2.72   8.57856651
  2.52   8.58450929
  2.84   8.61253610
  2.79   8.61603678
  3.16   8.62097618
  3.04   8.67284279
  3.45   8.71584164
  2.94   8.73318763
  2.72   8.74858649
  2.56   8.74919274
  4.37   8.75219589
  3.08   8.76396411
  2.55   8.81301785
  3.22   8.83003908
  3.45   8.83176972
  4.36   8.87166237
  2.52   8.89064585
  2.96   8.89615888
  2.62   8.90279900
  2.80   8.93604045
  3.62   8.93929760
  2.60   8.95106748
  2.69   8.95882750
  2.54   8.97935764
  3.20   8.98462830
  2.80   9.01246095
  2.63   9.06319931
  2.95   9.06494824
  2.93   9.12901614
  4.12   9.16577013
  2.85   9.17028160
  2.88   9.17108251
  2.88   9.17111286
  2.56   9.17254501
  2.95   9.18165626
  3.58   9.18807079
  2.97   9.19076812
  2.66   9.21360568
  2.88   9.21984934
  2.61   9.25852651
  2.69   9.28225465
  2.94   9.29308358
  2.77   9.34124952
  2.51   9.35955477
  2.52   9.37728075
  2.62   9.38260460
  2.68   9.39157290
  2.97   9.39551919
  2.58   9.45301462
  2.63   9.47564106
  2.88   9.47784947
  2.60   9.48058653
  3.63   9.49730306
  2.53   9.51025166
  2.67   9.53034490
  2.84   9.53361174
  2.73   9.63857946
  2.58   9.68560643
  3.45   9.70904456
  2.51   9.71210884
  3.16   9.72332183
  2.67   9.73380187
  2.57   9.74166392
  3.61   9.74388394
  2.52   9.75475716
  2.56   9.75887825
  2.56   9.78204752
  2.51   9.78320163
  2.57   9.78858311
  2.89   9.82994726
  2.75   9.85230267
  2.89   9.85378202
  2.89   9.88779359
  3.42   9.89671361
  3.05   9.90527280
  2.50   9.91134282
  4.08   9.92289386
  2.96   9.92340501
  2.71   9.96621703
  3.34   9.98100370
  2.70  10.00194678
  2.75  10.00409854
  3.03  10.01131668
  2.80  10.01795245
  2.51  10.02548272
  2.51  10.02655420
  2.72  10.02722718
  3.17  10.02860109
  2.58  10.03797648
  2.94  10.05359673
  2.57  10.06625844
  2.69  10.08055681
  2.68  10.08296529
  2.52  10.09985232
  4.81  10.10907851
  2.70  10.12642881
  2.60  10.12942278
  2.62  10.13810148
  3.22  10.15245346
  2.56  10.15617383
  3.88  10.18544654
  3.21  10.20561093
  2.55  10.21267851
  3.24  10.21544665
  3.07  10.24385020
  2.57  10.26325984
  2.60  10.26597559
  3.59  10.28219361
  2.59  10.29086806
  2.52  10.30269014
  2.55  10.31942745
  2.76  10.32796125
  2.57  10.33103806
  2.54  10.33625994
  3.07  10.41525646
  3.37  10.43773508
  2.97  10.45168478
  2.69  10.45348016
  2.66  10.45501934
  3.23  10.47173688
  3.13  10.48938661
  2.76  10.49108582
  2.75  10.49123628
  2.64  10.49227057
  2.54  10.51742661
  3.29  10.54324932
  3.08  10.55832187
  2.55  10.56591633
  3.33  10.60879552
  3.06  10.61514918
  2.56  10.61583310
  2.62  10.61719648
  3.71  10.64419023
  2.73  10.67182448
  3.17  10.67222754
  2.60  10.69924026
  2.58  10.70541317
  3.23  10.72949854
  2.76  10.73024920
  2.61  10.73466771
  3.40  10.73556633
  2.51  10.75568018
  2.51  10.76089539
  3.05  10.80557832
  3.00  10.84428239
  2.85  10.87275635
  3.26  10.87667848
  2.73  10.88388026
  2.94  10.95986526
  3.04  10.96657005
  2.87  10.99249366
  2.52  10.99420620
  3.49  11.02249307
  2.66  11.02688915
  2.61  11.02696873
  2.72  11.03582818
  3.05  11.04127255
  2.62  11.08787413
  3.02  11.09564078
  2.62  11.11724694
  3.84  11.13779156
  2.99  11.14391594
  2.69  11.16281759
  3.41  11.16763458
  3.12  11.21384921
  2.51  11.22939098
  2.61  11.30502619
  2.59  11.32499042
  2.60  11.32617396
  2.53  11.33200556
  2.98  11.41056841
  2.67  11.42917715
  2.74  11.46261566
  3.67  11.46268987
  3.96  11.47398933
  2.92  11.47835463
  3.59  11.49735164
  2.55  11.49804842
  2.72  11.52689260
  2.56  11.53999880
  2.52  11.54286851
  2.62  11.54670884
  2.89  11.54744036
  2.56  11.55150717
  2.88  11.55656554
  2.74  11.58876328
  2.56  11.60052290
  2.60  11.60074812
  2.87  11.60696483
  2.84  11.60791854
  2.94  11.62102426
  3.21  11.66273794
  2.53  11.66947174
  2.55  11.68503726
  3.38  11.69089788
  2.75  11.70341821
  3.13  11.74677303
  2.62  11.74762964
  3.26  11.81526505
  2.78  11.82553775
  2.56  11.89349999
  2.72  11.90754657
  2.86  11.92950412
  2.96  11.93864165
  2.84  11.94609927
  2.83  11.94991145
  2.87  11.95425007
  2.84  11.96289613
  2.59  11.97594752
  2.83  11.99653534
  2.56  12.01685235
  2.73  12.03375543
  3.32  12.05340764
  2.61  12.07059149
  2.95  12.08614585
  2.73  12.12667081
  4.35  12.16304610
  2.95  12.18437531
  3.78  12.22701834
  2.62  12.24677408
  2.58  12.25065254
  3.63  12.26150776
  2.57  12.26184232
  3.26  12.26240993
  2.65  12.26255941
  2.52  12.26571587
  3.62  12.28205274
  2.52  12.29602371
  3.27  12.31898545
  3.14  12.34178824
  2.54  12.39439498
  2.56  12.45747606
  2.56  12.46742960
  3.54  12.47922735
  2.54  12.49123276
  2.61  12.51175629
  3.49  12.53266010
  2.52  12.53526611
  2.54  12.54948160
  3.81  12.58300624
  2.94  12.59424807
  2.51  12.59514085
  3.11  12.67012469
  2.99  12.68860088
  2.99  12.69205235
  2.59  12.69641430
  3.29  12.69889195
  2.70  12.71915405
  2.99  12.76356069
  2.89  12.79594312
  4.00  12.79969548
  3.69  12.80801619
  2.84  12.82257910
  2.51  12.84053310
  3.52  12.85719737
  2.76  12.86796813
  2.55  12.87551502
  2.55  12.88030141
  2.84  12.94400167
  2.69  12.96651696
  2.59  13.00767138
  2.55  13.03041797
  2.61  13.03804662
  3.14  13.06408189
  2.78  13.06518345
  3.15  13.07566120
  2.79  13.11850131
  3.26  13.12855788
  2.54  13.16293405
  2.58  13.18029663
  3.13  13.18654492
  2.56  13.19743828
  2.72  13.20849020
  3.35  13.21440952
  2.97  13.22049038
  2.54  13.22108405
  2.76  13.23334641
  3.59  13.23371333
  3.98  13.28509952
  2.95  13.28559920
  3.60  13.32762948
  3.30  13.37060902
  2.68  13.39268600
  2.73  13.39774091
  3.41  13.41241734
  2.71  13.43327796
  2.94  13.44688417
  2.56  13.47961101
  2.89  13.50109055
  3.28  13.53344512
  2.86  13.54662890
  2.54  13.58131524
  3.08  13.61322564
  2.99  13.62002039
  5.20  13.62019502
  4.49  13.64065664
  4.19  13.65307360
  3.09  13.66326735
  3.05  13.67953208
  2.91  13.68475958
  2.74  13.73140694
  3.87  13.74984914
  2.94  13.75264286
  2.75  13.75342824
  2.70  13.79721622
  3.23  13.80397970
  2.62  13.81285009
  2.63  13.87154451
  2.63  13.88435662
  3.10  13.91436307
  3.98  13.92538718
  3.67  13.94583036
  4.60  13.95097473
  2.82  14.04078871
  3.32  14.06499131
  2.83  14.10074577
  2.83  14.10880495
  2.77  14.11201841
  2.60  14.15003271
  2.69  14.15719041
  2.56  14.17819662
  3.10  14.27537405
  3.24  14.28589468
  2.84  14.28787903
  3.57  14.29403350
  2.88  14.32895546
  2.94  14.39520554
  2.93  14.39595121
  3.02  14.40128635
  2.68  14.43118551
  2.52  14.46105414
  3.71  14.46665984
  2.66  14.47585028
  2.90  14.48234859
  3.78  14.51445387
  2.71  14.52658854
  2.80  14.53650466
  2.81  14.54767233
  2.61  14.60014367
  2.59  14.61541308
  2.59  14.63022337
  2.89  14.63947553
  2.80  14.65100807
  3.20  14.67517461
  2.62  14.72367902
  2.91  14.73105871
  2.88  14.73512172
  4.11  14.74037078
  2.50  14.75294102
  2.65  14.77998184
  2.67  14.79937058
  2.99  14.82801169
  3.75  14.84454466
  2.61  14.84619846
  2.54  14.86953055
  3.16  14.92010414
  2.56  14.92498864
  2.59  14.98419422
  2.69  15.01187358
  2.95  15.01261859
  4.08  15.01307546
  2.69  15.02599299
  3.10  15.06362596
  2.72  15.09467751
  2.53  15.10035714
  2.91  15.16004047
  2.64  15.16395085
  2.81  15.19372357
  4.22  15.23997815
  2.52  15.24167843
  2.98  15.24168099
  2.55  15.27332114
  2.64  15.45474077
  3.08  15.45784661
  3.02  15.48154939
  2.76  15.48267750
  3.11  15.49357686
  3.47  15.54618868
  3.18  15.55491192
  3.45  15.64262113
  2.63  15.68178820
  3.27  15.68336426
  3.17  15.74821959
  3.72  15.75246169
  2.72  15.76530239
  2.94  15.77310775
  3.39  15.78538629
  2.64  15.78974335
  3.08  15.80194388
  2.94  15.80480493
  3.36  15.86668531
  2.52  15.88193966
  2.67  15.91167357
  3.17  15.98866614
  2.97  15.99670500
  3.28  16.00158258
  2.54  16.02248629
  3.28  16.06972749
  2.84  16.07437913
  3.18  16.08772524
  2.92  16.13371764
  2.58  16.15089693
  2.89  16.15188267
  3.10  16.16799404
  2.69  16.25753284
  2.53  16.26404069
  3.08  16.29297404
  2.52  16.36232722
  3.78  16.39532731
  3.29  16.40541175
  2.85  16.42128283
  2.92  16.46725916
  2.51  16.53342287
  2.92  16.55864148
  2.51  16.59725602
  2.78  16.63087333
  2.57  16.65230739
  2.60  16.69148930
  2.82  16.74443368
  2.74  16.74506851
  4.68  16.75077605
  2.60  16.76501557
  2.77  16.79108508
  3.05  16.86392458
  2.84  16.91579630
  2.62  16.92808079
  2.75  16.94903452
  2.55  16.96737077
  2.95  17.02587039
  2.59  17.04175958
  3.36  17.04258829
  2.65  17.05804122
  2.68  17.07579760
  2.65  17.10722330
  2.91  17.13499657
  3.08  17.14658929
  2.94  17.16416517
  2.76  17.16652479
  5.28  17.19482589
  3.13  17.22122655
  2.60  17.25776487
  2.89  17.28269850
  3.73  17.29935388
  2.71  17.35544538
  3.25  17.36810385
  2.62  17.40573480
  2.69  17.44288768
  4.17  17.47457864
  2.53  17.49299870
  2.52  17.49509365
  2.70  17.49602159
  2.58  17.53289554
  2.59  17.54165827
  3.47  17.54539123
  2.87  17.58105927
  2.61  17.63281349
  2.53  17.63564325
  2.53  17.65579837
  3.07  17.65840507
  3.41  17.66154903
  3.07  17.68479963
  3.20  17.70727962
  3.75  17.75633776
  3.01  17.75679087
  3.35  17.79257615
  2.91  17.82141937
  3.72  17.84331948
  3.07  17.94468876
  2.57  18.03761536
  2.78  18.11927453
  2.63  18.16275131
  2.72  18.16415289
  2.54  18.16751888
  2.59  18.20449086
  3.26  18.20480683
  2.54  18.20539212
  2.65  18.27693273
  2.59  18.29389023
  2.98  18.30860732
  3.56  18.31094298
  2.55  18.31620444
  3.04  18.35079680
  2.79  18.36139519
  3.07  18.42757565
  2.91  18.44515426
  2.52  18.47126309
  2.91  18.57959117
  2.91  18.59407434
  2.85  18.65877696
  2.79  18.73225851
  2.70  18.75028113
  2.52  18.75329311
  3.45  18.84570658
  3.35  18.91147827
  2.80  18.91904817
  2.69  18.94329352
  2.62  18.95660605
  3.18  18.98365692
  2.74  19.00429251
  2.65  19.01437296
  2.98  19.01732813
  2.96  19.05352501
  2.69  19.05920195
  2.60  19.09143082
  2.55  19.11577502
  2.68  19.12570081
  3.00  19.13752288
  2.86  19.17645841
  2.54  19.17933958
  2.52  19.19354572
  4.17  19.21578564
  2.55  19.22339131
  2.63  19.23135974
  2.77  19.25550614
  3.00  19.30011112
  3.23  19.31987653
  2.63  19.32401501
  2.76  19.32581547
  2.83  19.33083328
  2.62  19.36182426
  3.30  19.38429139
  2.63  19.41746982
  2.65  19.43136250
  3.04  19.43872967
  2.60  19.53577136
  2.71  19.54139495
  2.57  19.63417855
  2.83  19.66761856
  3.83  19.69973264
  2.53  19.71641519
  2.63  19.76546765
  2.93  19.84277284
  3.13  19.86584231
  2.69  19.91536689
  2.64  19.91767392
  2.55  19.92834796
  2.80  20.01926743
  2.99  20.08081673
  2.72  20.08812821
  3.39  20.13472499
  2.63  20.14515903
  4.12  20.16245771
  3.04  20.17389697
  2.81  20.20609009
  3.54  20.23313022
  2.51  20.27799838
  3.28  20.30312385
  3.34  20.35715102
  2.62  20.37045082
  2.94  20.46494747
  3.24  20.48547546
  3.40  20.63068023
  2.59  20.72106989
  2.76  20.74787213
  3.12  20.79798448
  3.44  20.83628828
  2.71  20.86000422
  2.78  20.93400047
  2.99  20.97177643
  2.56  21.02796288
  3.89  21.06423128
  2.70  21.11016870
  2.54  21.15938134
  2.62  21.27048003
  4.85  21.28894725
  2.63  21.30495230
  2.59  21.30608891
  2.87  21.37707897
  3.57  21.45511477
  2.72  21.47159088
  3.39  21.49365450
  2.93  21.64180363
  5.64  21.68177971
  3.07  21.73095004
  3.25  21.74059630
  2.57  21.75450383
  3.18  21.75916381
  2.78  21.81038029
  2.67  21.82490486
  2.71  21.83467564
  2.52  21.84028707
  3.02  21.84297444
  2.55  21.85460654
  3.21  21.90155750
  2.67  22.07684650
  4.10  22.13565388
  3.40  22.15434087
  2.71  22.21170254
  3.11  22.21430126
  3.33  22.29189983
  2.65  22.30906155
  2.56  22.31897423
  4.07  22.37344084
  2.53  22.39315789
  2.93  22.41163808
  2.60  22.43773702
  3.15  22.46431494
  2.96  22.46587977
  3.15  22.51114339
  2.52  22.54135735
  2.64  22.54382838
  2.86  22.55497295
  3.00  22.61416616
  2.56  22.62712310
  4.66  22.64587156
  2.71  22.68624123
  2.54  22.82539540
  2.56  22.87079250
  2.84  22.88486358
  3.02  22.93854586
  3.10  22.97697538
  2.97  22.99469083
  2.61  22.99669908
  2.95  23.02685957
  2.73  23.03898195
  2.63  23.10864282
  2.54  23.13994545
  2.85  23.15198187
  2.62  23.19785331
  3.04  23.21293436
  2.59  23.24704337
  3.09  23.27486816
  3.01  23.33542002
  2.63  23.35176135
  2.64  23.42398257
  4.22  23.44101407
  2.75  23.47591974
  3.71  23.49117813
  3.00  23.52178128
  3.00  23.53280780
  2.76  23.55635225
  2.69  23.56417530
  3.16  23.56651694
  2.54  23.59750693
  2.71  23.65735043
  2.73  23.67220485
  3.23  23.68802739
  3.19  23.70090821
  2.62  23.71516494
  3.06  23.73164913
  2.71  23.73596695
  2.84  23.77410819
  2.85  23.80473124
  2.55  23.80803474
  3.78  23.83201986
  2.71  23.84070863
  3.24  23.91740976
  2.59  24.10144449
  3.26  24.10577698
  2.54  24.12100726
  2.82  24.17209239
  4.18  24.17831333
  2.62  24.26806041
  2.76  24.49617537
  2.79  24.50867589
  2.57  24.51914843
  2.94  24.52578123
  2.96  24.54957651
  2.97  24.56290410
  2.77  24.56912250
  2.62  24.60546177
  2.60  24.64242308
  3.06  24.70255084
  3.33  24.71950626
  3.14  24.74768025
  3.60  24.75757083
  2.74  24.76761270
  2.70  24.78664171
  2.79  24.87112557
  2.68  24.87190043
  3.37  24.92457512
  2.97  24.97180915
  2.59  25.01596535
  2.54  25.13428550
  2.55  25.16245083
  2.55  25.20441262
  2.85  25.23186889
  2.63  25.26737662
  3.24  25.31715034
  2.97  25.33851717
  3.34  25.35967738
  2.75  25.42416363
  2.51  25.51776510
  2.85  25.53938666
  4.11  25.55602767
  2.76  25.61891144
  2.83  25.63720004
  2.96  25.71499389
  3.25  25.74643757
  2.72  25.74656255
  3.84  25.78277736
  2.52  25.79545323
  2.77  25.86259629
  3.30  25.89119442
  2.69  25.89325661
  2.87  25.90298728
  2.84  25.96195999
  2.86  25.99840296
  2.73  26.09089079
  3.36  26.13310185
  3.33  26.28874924
  2.90  26.33646437
  2.80  26.35933934
  3.38  26.35997111
  2.68  26.36400901
  4.92  26.36565256
  2.65  26.39991012
  3.30  26.48050838
  3.29  26.54645402
  2.92  26.55588468
  2.64  26.58649178
  2.53  26.60773626
  2.52  26.75282686
  3.07  26.75466016
  2.75  26.76027278
  2.96  26.79395495
  2.80  26.80057506
  3.56  26.84291521
  2.57  26.87638346
  3.05  26.97472213
  2.83  27.07452648
  2.65  27.15668550
  4.81  27.16421763
  2.72  27.18768198
  2.56  27.22063952
  2.55  27.28608833
  2.58  27.32239309
  2.79  27.37198098
  2.64  27.39691634
  2.70  27.42228935
  2.54  27.48087540
  2.62  27.51026581
  3.28  27.68318901
  2.51  27.82922560
  4.05  27.90028456
  4.45  27.91257120
  2.59  27.92835476
  2.84  28.03954332
  4.26  28.06262701
  2.53  28.13182465
  2.76  28.16765397
  3.05  28.33024987
  3.35  28.44121642
  3.11  28.47345719
  2.91  28.50018272
  2.83  28.54680693
  3.45  28.72057024
  3.17  28.72994520
  2.57  28.92843705
  2.67  28.93847043
  2.63  29.02149752
  2.53  29.02231948
  2.64  29.02475382
  3.13  29.10439691
  2.54  29.23961263
  3.42  29.24688079
  3.32  29.43366286
  3.84  29.46531377
  2.74  29.49592544
  2.76  29.50131725
  2.88  29.62991340
  3.24  29.67573000
  3.01  29.70349901
  2.69  29.72302956
  2.93  29.82665305
  2.62  29.83288597
  2.97  29.84482231
  3.39  29.88703295
  3.73  29.93523479
  3.27  29.95248803
  2.85  29.96095734
  2.78  29.98237481
