4
WORLD        4.50 0.25 1.00 3.00 1.00 3.50 1.00 
CALIFORNIA   2.50 0.25 1.00 2.00 1.00 3.00 1.00 
ALASKA       3.00 0.25 1.00 2.50 1.00 3.00 1.00 
USA          3.00 0.25 1.00 2.50 1.00 3.00 1.00 
4
CALIFORNIA
-1.0e10
1.0e10
1
14
36.6847  -117.7930
35.8000  -116.4000
34.0815  -114.4720
32.0000  -114.3330
32.0000  -120.5000
34.6945  -121.3800
40.0000  -125.5000
43.0200  -125.0000
42.0000  -122.7000
42.0000  -121.4170
39.5000  -120.7500
37.7500  -119.5000
37.7500  -118.2500
36.6847  -117.7930
ALASKA
-1.0e10
1.0e10
1
5
71.4000  172.4000
51.8000  172.4000
51.8000  180.0000
71.4000  180.0000
71.4000  172.4000
ALASKA
-1.0e10
1.0e10
1
5
71.4000  -180.0000
51.8000  -180.0000
51.8000  -130.0000
71.4000  -130.0000
71.4000  -180.0000
USA
-1.0e10
1.0e10
1
5
50.0000  -125.0000
24.6000  -125.0000
24.6000  -65.0000
50.0000  -65.0000
50.0000  -125.0000
