60.0 25.0 0.0
65.0 25.0 0.0
70.0 25.0 0.0
75.0 25.0 0.0
80.0 25.0 0.0
85.0 25.0 0.0
90.0 25.0 0.0
95.0 25.0 0.0
60.0 30.0 0.0
65.0 30.0 0.0
70.0 30.0 0.0
75.0 30.0 0.0
80.0 30.0 0.0
85.0 30.0 0.0
90.0 30.0 0.0
95.0 30.0 0.0
60.0 35.0 0.0
65.0 35.0 0.0
70.0 35.0 0.0
75.0 35.0 0.0
80.0 35.0 0.0
85.0 35.0 0.0
90.0 35.0 0.0
95.0 35.0 0.0
60.0 40.0 0.0
65.0 40.0 0.0
70.0 40.0 0.0
75.0 40.0 0.0
80.0 40.0 0.0
85.0 40.0 0.0
90.0 40.0 0.0
95.0 40.0 0.0
60.0 45.0 0.0
65.0 45.0 0.0
70.0 45.0 0.0
75.0 45.0 0.0
80.0 45.0 0.0
85.0 45.0 0.0
90.0 45.0 0.0
95.0 45.0 0.0
