#Holser (bb.holser) 1  Char
-118.7533	34.4386	0.0
-118.742386	34.4386	0.0
-118.73155	34.43915	0.0
-118.72091	34.441147	0.0
-118.710266	34.44314	0.0
-118.69962	34.44513	0.0
-118.68898	34.44712	0.0
-118.67834	34.44911	0.0
-118.667534	34.44965	0.0
-118.65663	34.449234	0.0
-118.64573	34.448814	0.0
-118.63539	34.446266	0.0
-118.625275	34.442894	0.0
-118.61516	34.439518	0.0
-118.60504	34.436146	0.0
-118.594925	34.43277	0.0
-118.58481	34.429394	0.0
-118.57469	34.426018	0.0
-118.56458	34.42264	0.0
-118.55447	34.419262	0.0
-118.54436	34.415882	0.0
#Clamshell-Sawpit (bb.clamshell) 1  Char
-117.8458	34.2402	0.0
-117.85523	34.235706	0.0
-117.86466	34.23121	0.0
-117.87409	34.226715	0.0
-117.88352	34.222218	0.0
-117.89422	34.220966	0.0
-117.905045	34.220047	0.0
-117.91587	34.219124	0.0
-117.926704	34.2182	0.0
-117.93588	34.21357	0.0
-117.944855	34.208477	0.0
-117.95382	34.20338	0.0
-117.96279	34.198284	0.0
-117.971756	34.193188	0.0
-117.98073	34.18809	0.0
-117.98969	34.18299	0.0
-117.99866	34.177895	0.0
#Casmalia(Orcutt Frontal fault) (bb.casmalia) 1  Char
-120.6482	34.933	0.0
-120.637695	34.93039	0.0
-120.62719	34.92778	0.0
-120.616684	34.92517	0.0
-120.60618	34.922558	0.0
-120.59567	34.919945	0.0
-120.585175	34.91733	0.0
-120.57467	34.91472	0.0
-120.566216	34.90898	0.0
-120.557785	34.903225	0.0
-120.54935	34.897465	0.0
-120.54092	34.89171	0.0
-120.532486	34.88595	0.0
-120.524055	34.88019	0.0
-120.51489	34.87531	0.0
-120.50526	34.871006	0.0
-120.49563	34.866703	0.0
-120.48599	34.862396	0.0
-120.476364	34.858093	0.0
-120.46673	34.853786	0.0
-120.4571	34.84948	0.0
-120.44685	34.846867	0.0
-120.43592	34.846153	0.0
-120.424995	34.84544	0.0
-120.41406	34.844727	0.0
-120.40313	34.844013	0.0
-120.39354	34.84092	0.0
-120.38579	34.834553	0.0
-120.37804	34.828186	0.0
-120.370285	34.82182	0.0
#Great Valley 2 (jl0.grtvly02) 1  Char
-122.2808	39.2858	7.0
-122.28133	39.27681	7.0
-122.281845	39.26782	7.0
-122.282364	39.258827	7.0
-122.28289	39.249836	7.0
-122.28341	39.240845	7.0
-122.283936	39.231853	7.0
-122.284454	39.222862	7.0
-122.28497	39.21387	7.0
-122.2855	39.20488	7.0
-122.28602	39.19589	7.0
-122.28654	39.186897	7.0
-122.28706	39.177906	7.0
-122.28758	39.16892	7.0
-122.2881	39.159927	7.0
-122.28862	39.150936	7.0
-122.28915	39.141945	7.0
-122.289665	39.132954	7.0
-122.290184	39.123962	7.0
-122.2907	39.11497	7.0
-122.29122	39.10598	7.0
-122.29174	39.09699	7.0
-122.29227	39.087997	7.0
#Great Valley 5 (jl0.grtvly05) 1  Char
-121.8987	38.3033	7.0
-121.89331	38.295357	7.0
-121.887924	38.28741	7.0
-121.88253	38.27947	7.0
-121.877144	38.271523	7.0
-121.87176	38.263577	7.0
-121.86638	38.25563	7.0
-121.86099	38.24769	7.0
-121.85561	38.239742	7.0
-121.85023	38.231796	7.0
-121.84485	38.22385	7.0
-121.83947	38.215904	7.0
-121.83409	38.207954	7.0
-121.82872	38.20001	7.0
-121.82334	38.192062	7.0
-121.81797	38.184113	7.0
-121.8126	38.176167	7.0
-121.80723	38.16822	7.0
-121.80186	38.16027	7.0
-121.796486	38.15232	7.0
-121.791115	38.144375	7.0
-121.78575	38.136425	7.0
-121.78039	38.128475	7.0
-121.775024	38.120525	7.0
-121.76966	38.112576	7.0
-121.7643	38.104626	7.0
-121.758934	38.096676	7.0
-121.75358	38.088726	7.0
-121.748215	38.080776	7.0
#Great Valley 10 (jl0.grtvly10) 1  Char
-120.7585	36.7994	7.0
-120.75323	36.79145	7.0
-120.747955	36.7835	7.0
-120.74269	36.775555	7.0
-120.73742	36.767605	7.0
-120.732155	36.759655	7.0
-120.72688	36.751705	7.0
-120.72162	36.743755	7.0
-120.716354	36.735806	7.0
-120.7111	36.727856	7.0
-120.70583	36.719902	7.0
-120.70057	36.711952	7.0
-120.69531	36.704002	7.0
-120.690056	36.69605	7.0
-120.6848	36.6881	7.0
-120.67954	36.680145	7.0
-120.674286	36.672195	7.0
-120.66903	36.66424	7.0
-120.66378	36.65629	7.0
-120.65852	36.648335	7.0
-120.653275	36.640385	7.0
-120.648026	36.63243	7.0
-120.64278	36.624477	7.0
#Great Valley 11 (jl0.grtvly11) 1  Char
-120.6531	36.6409	7.0
-120.644684	36.63495	7.0
-120.63628	36.628998	7.0
-120.62786	36.623043	7.0
-120.61945	36.61709	7.0
-120.611046	36.611137	7.0
-120.60264	36.605183	7.0
-120.59423	36.599228	7.0
-120.58583	36.59327	7.0
-120.57742	36.587315	7.0
-120.56902	36.581356	7.0
-120.56062	36.5754	7.0
-120.55222	36.569443	7.0
-120.54382	36.563484	7.0
-120.53543	36.55752	7.0
-120.52703	36.551563	7.0
-120.51864	36.545605	7.0
-120.51025	36.539642	7.0
-120.501854	36.53368	7.0
-120.49346	36.527718	7.0
-120.48508	36.521755	7.0
-120.476685	36.515793	7.0
-120.4683	36.509827	7.0
-120.459915	36.503864	7.0
-120.45153	36.4979	7.0
#Great Valley 12 (jl0.grtvly12) 1  Char
-120.4383	36.4794	7.0
-120.433174	36.471397	7.0
-120.428055	36.463394	7.0
-120.422935	36.455395	7.0
-120.417816	36.44739	7.0
-120.4127	36.43939	7.0
-120.40758	36.431385	7.0
-120.402466	36.42338	7.0
-120.39735	36.41538	7.0
-120.392235	36.407375	7.0
-120.387115	36.39937	7.0
-120.382	36.391365	7.0
-120.37689	36.38336	7.0
-120.37179	36.375355	7.0
-120.36668	36.36735	7.0
-120.361565	36.35935	7.0
-120.35646	36.35134	7.0
-120.35136	36.343334	7.0
#Great Valley 13 (jl0.grtvly13) 1  Char
-120.3672	36.3441	7.0
-120.36006	36.337177	7.0
-120.35292	36.330254	7.0
-120.34578	36.32333	7.0
-120.338646	36.316406	7.0
-120.33151	36.309483	7.0
-120.32438	36.30256	7.0
-120.317245	36.295635	7.0
-120.31011	36.288708	7.0
-120.302986	36.281784	7.0
-120.29585	36.274857	7.0
-120.28873	36.26793	7.0
-120.2816	36.261	7.0
-120.274475	36.254074	7.0
-120.26735	36.247147	7.0
-120.26023	36.24022	7.0
-120.253105	36.233288	7.0
-120.24599	36.22636	7.0
-120.23887	36.21943	7.0
-120.23175	36.2125	7.0
-120.22463	36.20557	7.0
-120.21752	36.19864	7.0
-120.2104	36.191708	7.0
-120.20329	36.184776	7.0
-120.19618	36.177845	7.0
-120.18907	36.17091	7.0
-120.18196	36.16398	7.0
-120.17486	36.157043	7.0
-120.16775	36.150112	7.0
-120.160645	36.143177	7.0
-120.15354	36.136242	7.0
#Great Valley 14 (jl0.grtvly14) 1  Char
-120.1553	36.1359	7.0
-120.14688	36.13001	7.0
-120.13846	36.124115	7.0
-120.130035	36.118217	7.0
-120.12162	36.112324	7.0
-120.1132	36.10643	7.0
-120.10478	36.100533	7.0
-120.09637	36.094635	7.0
-120.08796	36.088737	7.0
-120.079544	36.08284	7.0
-120.07113	36.076942	7.0
-120.06272	36.071045	7.0
-120.05431	36.065144	7.0
-120.045906	36.059242	7.0
-120.0375	36.05334	7.0
-120.0291	36.04744	7.0
-120.02069	36.04154	7.0
-120.01229	36.035637	7.0
-120.00389	36.029736	7.0
-119.99549	36.02383	7.0
-119.98709	36.017925	7.0
-119.97869	36.01202	7.0
-119.9703	36.006115	7.0
-119.96191	36.00021	7.0
-119.95351	35.994305	7.0
#Sierra Madre (mp.sierramad-cn) 1  Char
-117.74	34.1231	0.0
-117.750824	34.122234	0.0
-117.76009	34.12547	0.0
-117.768394	34.13128	0.0
-117.779076	34.131382	0.0
-117.78994	34.13104	0.0
-117.800804	34.130695	0.0
-117.811584	34.131252	0.0
-117.82145	34.13447	0.0
-117.83011	34.139915	0.0
-117.83877	34.14536	0.0
-117.84743	34.150803	0.0
-117.856094	34.156246	0.0
-117.86495	34.15594	0.0
-117.87398	34.150913	0.0
-117.8834	34.147125	0.0
-117.89426	34.147697	0.0
-117.905106	34.14827	0.0
-117.91596	34.14884	0.0
-117.92681	34.14941	0.0
-117.93767	34.14998	0.0
-117.94819	34.152103	0.0
-117.95862	34.15465	0.0
-117.96905	34.157204	0.0
-117.97948	34.15975	0.0
-117.988716	34.164013	0.0
-117.99662	34.1702	0.0
-118.00509	34.17522	0.0
-118.01597	34.175323	0.0
-118.02685	34.175423	0.0
-118.03772	34.175526	0.0
-118.0486	34.175625	0.0
-118.05948	34.175724	0.0
-118.06994	34.17691	0.0
-118.07888	34.182034	0.0
-118.08782	34.187157	0.0
-118.09677	34.19228	0.0
-118.10572	34.197403	0.0
-118.115234	34.201157	0.0
-118.1261	34.201687	0.0
-118.13696	34.202217	0.0
-118.14783	34.202744	0.0
-118.15844	34.204666	0.0
-118.16902	34.206757	0.0
-118.17961	34.208847	0.0
-118.189926	34.21137	0.0
-118.19814	34.21727	0.0
-118.20636	34.22317	0.0
-118.214584	34.229073	0.0
-118.222824	34.234943	0.0
-118.232765	34.238613	0.0
-118.24271	34.24228	0.0
-118.25265	34.245945	0.0
-118.26257	34.249645	0.0
-118.27174	34.254498	0.0
-118.2802	34.259895	0.0
-118.28532	34.267838	0.0
-118.290436	34.27578	0.0
#Verdugo (mp.verdugo) 1  Char
-118.1536	34.1313	0.0
-118.16262	34.136322	0.0
-118.171646	34.141342	0.0
-118.18067	34.146362	0.0
-118.19031	34.1501	0.0
-118.20105	34.15151	0.0
-118.21179	34.152912	0.0
-118.222534	34.15432	0.0
-118.23225	34.15763	0.0
-118.24067	34.163326	0.0
-118.2491	34.169018	0.0
-118.25752	34.17471	0.0
-118.26595	34.180397	0.0
-118.27438	34.18609	0.0
-118.282814	34.191776	0.0
-118.29135	34.197323	0.0
-118.30141	34.20076	0.0
-118.31146	34.204193	0.0
-118.321526	34.20763	0.0
-118.33158	34.211063	0.0
-118.341644	34.214497	0.0
-118.35171	34.217926	0.0
-118.36176	34.22136	0.0
-118.37064	34.226353	0.0
-118.37876	34.23235	0.0
-118.38688	34.23835	0.0
-118.395	34.244347	0.0
-118.403114	34.25034	0.0
-118.41157	34.255993	0.0
-118.42046	34.26118	0.0
#Mission Ridge-Arroyo Parida-Santa Ana (mp.arroyo-m 1  Char
-119.1658	34.4701	0.0
-119.174866	34.465084	0.0
-119.18393	34.46007	0.0
-119.19299	34.455055	0.0
-119.20205	34.450035	0.0
-119.21251	34.447502	0.0
-119.22301	34.445038	0.0
-119.233505	34.442574	0.0
-119.243996	34.440105	0.0
-119.25449	34.437637	0.0
-119.264984	34.43517	0.0
-119.27548	34.4327	0.0
-119.28597	34.43023	0.0
-119.29674	34.42883	0.0
-119.30755	34.42765	0.0
-119.31837	34.42647	0.0
-119.329185	34.425293	0.0
-119.340004	34.42411	0.0
-119.35083	34.423016	0.0
-119.36167	34.42201	0.0
-119.37251	34.420998	0.0
-119.383354	34.41999	0.0
-119.394196	34.41898	0.0
-119.40504	34.41797	0.0
-119.41588	34.416954	0.0
-119.4267	34.41615	0.0
-119.43714	34.418755	0.0
-119.447586	34.42136	0.0
-119.45803	34.423965	0.0
-119.46847	34.42657	0.0
-119.479195	34.428062	0.0
-119.490036	34.429115	0.0
-119.50087	34.430172	0.0
-119.5117	34.43123	0.0
-119.52254	34.432312	0.0
-119.53337	34.43339	0.0
-119.544205	34.434475	0.0
-119.55504	34.43555	0.0
-119.56587	34.43663	0.0
-119.576706	34.437706	0.0
-119.58754	34.43878	0.0
-119.59837	34.439857	0.0
-119.60921	34.440933	0.0
-119.62003	34.4421	0.0
-119.63085	34.443287	0.0
-119.64167	34.44447	0.0
-119.65249	34.445652	0.0
-119.66331	34.446835	0.0
-119.674126	34.448017	0.0
-119.684944	34.449196	0.0
-119.69574	34.449272	0.0
-119.70648	34.44771	0.0
-119.71723	34.446148	0.0
-119.72798	34.444584	0.0
-119.73873	34.44302	0.0
-119.749435	34.441284	0.0
-119.76002	34.43908	0.0
-119.770584	34.436836	0.0
-119.78115	34.43459	0.0
-119.79191	34.4336	0.0
-119.80282	34.4336	0.0
-119.81364	34.43267	0.0
-119.82439	34.431137	0.0
-119.835144	34.429604	0.0
-119.845894	34.42807	0.0
-119.85664	34.426537	0.0
-119.86739	34.425	0.0
-119.87808	34.426407	0.0
-119.88876	34.428253	0.0
-119.899445	34.4301	0.0
#Oak Ridge-onshore (mp.oakr-on) 1  Char
-119.205	34.2481	1.0
-119.19485	34.251354	1.0
-119.1847	34.254612	1.0
-119.174545	34.257862	1.0
-119.16439	34.261116	1.0
-119.15529	34.26566	1.0
-119.14783	34.272217	1.0
-119.140366	34.27877	1.0
-119.132904	34.285328	1.0
-119.12544	34.291885	1.0
-119.11797	34.29844	1.0
-119.11051	34.304993	1.0
-119.10304	34.311546	1.0
-119.095276	34.317825	1.0
-119.086586	34.323254	1.0
-119.07789	34.328682	1.0
-119.0692	34.33411	1.0
-119.0605	34.339535	1.0
-119.0518	34.344963	1.0
-119.043106	34.350388	1.0
-119.033035	34.353165	1.0
-119.02228	34.354607	1.0
-119.01151	34.356052	1.0
-119.000755	34.357494	1.0
-118.98999	34.358936	1.0
-118.97923	34.36038	1.0
-118.96847	34.36182	1.0
-118.95773	34.36337	1.0
-118.94724	34.36581	1.0
-118.936745	34.368248	1.0
-118.92625	34.370686	1.0
-118.91576	34.373123	1.0
-118.90526	34.37556	1.0
-118.89476	34.377995	1.0
-118.88426	34.38043	1.0
-118.87351	34.38167	1.0
-118.86263	34.382248	1.0
-118.851746	34.382824	1.0
-118.840866	34.383396	1.0
-118.82998	34.383972	1.0
-118.8191	34.384544	1.0
-118.80848	34.385868	1.0
-118.798904	34.39018	1.0
-118.78933	34.39449	1.0
-118.779755	34.3988	1.0
-118.76964	34.40099	1.0
-118.758766	34.400253	1.0
-118.747894	34.399513	1.0
-118.73702	34.398777	1.0
-118.72615	34.398037	1.0
#Red Mountain (mp.redmtn) 1  Char
-119.28	34.402	0.0
-119.283905	34.393597	0.0
-119.2878	34.38519	0.0
-119.2917	34.376785	0.0
-119.2956	34.36838	0.0
-119.2995	34.359974	0.0
-119.3034	34.35157	0.0
-119.31343	34.34933	0.0
-119.32417	34.347805	0.0
-119.334915	34.34628	0.0
-119.34566	34.344753	0.0
-119.3564	34.343224	0.0
-119.36714	34.341694	0.0
-119.37663	34.34587	0.0
-119.38604	34.350418	0.0
-119.39545	34.354965	0.0
-119.404854	34.359512	0.0
-119.41426	34.364056	0.0
-119.423676	34.368603	0.0
-119.434425	34.369545	0.0
-119.445305	34.370144	0.0
-119.456184	34.37074	0.0
-119.467064	34.371334	0.0
-119.47794	34.37193	0.0
-119.48883	34.37252	0.0
-119.4997	34.372265	0.0
-119.51058	34.371643	0.0
-119.52146	34.371017	0.0
-119.53234	34.37039	0.0
-119.54321	34.369766	0.0
-119.55409	34.36914	0.0
-119.56497	34.36851	0.0
-119.57584	34.36788	0.0
-119.58672	34.367252	0.0
-119.5976	34.366623	0.0
-119.608475	34.36599	0.0
-119.619354	34.365356	0.0
-119.630226	34.364723	0.0
-119.641106	34.36409	0.0
-119.65198	34.363453	0.0
#San Cayetano (bb.sancayetano) 1  Char
-118.762	34.4361	0.0
-118.77155	34.431755	0.0
-118.78111	34.42741	0.0
-118.790665	34.42306	0.0
-118.80022	34.418716	0.0
-118.80977	34.414368	0.0
-118.81932	34.41002	0.0
-118.82887	34.40567	0.0
-118.83944	34.404057	0.0
-118.8503	34.403225	0.0
-118.86117	34.402393	0.0
-118.87159	34.404186	0.0
-118.881775	34.407413	0.0
-118.89195	34.41064	0.0
-118.90214	34.413864	0.0
-118.91232	34.417088	0.0
-118.91993	34.423466	0.0
-118.92464	34.431133	0.0
-118.926216	34.44004	0.0
-118.9278	34.448944	0.0
-118.938095	34.448788	0.0
-118.947495	34.445328	0.0
-118.955376	34.439102	0.0
-118.96326	34.432877	0.0
-118.97114	34.42665	0.0
-118.979836	34.422073	0.0
-118.990746	34.421967	0.0
-119.001656	34.42186	0.0
-119.01256	34.42199	0.0
-119.02345	34.4224	0.0
-119.034355	34.422813	0.0
-119.0448	34.4252	0.0
-119.055115	34.428127	0.0
-119.06543	34.431057	0.0
-119.07575	34.433983	0.0
-119.086266	34.43513	0.0
-119.097046	34.43376	0.0
-119.10762	34.434082	0.0
-119.117836	34.437244	0.0
-119.12805	34.440403	0.0
-119.138275	34.443565	0.0
-119.14849	34.446724	0.0
-119.158714	34.44988	0.0
#Santa Susana (bb.santasusana) 1  Char
-118.4955	34.3242	0.0
-118.5039	34.31847	0.0
-118.51231	34.312737	0.0
-118.520706	34.307003	0.0
-118.530594	34.303665	0.0
-118.54112	34.301334	0.0
-118.55077	34.303143	0.0
-118.55974	34.30826	0.0
-118.5687	34.313377	0.0
-118.57767	34.318497	0.0
-118.587814	34.320885	0.0
-118.59868	34.32165	0.0
-118.609535	34.322422	0.0
-118.619675	34.324837	0.0
-118.628624	34.32997	0.0
-118.6382	34.33402	0.0
-118.648674	34.33651	0.0
-118.65915	34.338993	0.0
-118.669624	34.34148	0.0
-118.6801	34.343964	0.0
-118.690575	34.346447	0.0
-118.70106	34.34893	0.0
-118.71162	34.351124	0.0
-118.72234	34.352722	0.0
-118.73307	34.35432	0.0
-118.7438	34.35592	0.0
-118.75453	34.357517	0.0
-118.76526	34.35911	0.0
#Ventura-Pitas Point (mp.ventura) 1  Char
-119.1411	34.3453	1.0
-119.14947	34.33953	1.0
-119.15783	34.333763	1.0
-119.1662	34.32799	1.0
-119.17456	34.32222	1.0
-119.18292	34.31645	1.0
-119.191284	34.310677	1.0
-119.200195	34.30553	1.0
-119.20937	34.300682	1.0
-119.21855	34.295834	1.0
-119.22837	34.292618	1.0
-119.23924	34.29212	1.0
-119.25012	34.29163	1.0
-119.261	34.291138	1.0
-119.27187	34.29064	1.0
-119.28275	34.290146	1.0
-119.29363	34.289646	1.0
-119.30445	34.289486	1.0
-119.3148	34.29231	1.0
-119.32514	34.29513	1.0
-119.33549	34.29795	1.0
-119.34583	34.30077	1.0
-119.35618	34.30359	1.0
-119.36653	34.306404	1.0
-119.37688	34.309223	1.0
-119.38722	34.31204	1.0
-119.397575	34.314854	1.0
-119.40813	34.3164	1.0
-119.41901	34.315872	1.0
-119.42988	34.315342	1.0
-119.44076	34.31481	1.0
-119.45164	34.31428	1.0
-119.46252	34.313747	1.0
-119.47339	34.313217	1.0
-119.48427	34.312683	1.0
-119.49515	34.312145	1.0
-119.50602	34.31161	1.0
-119.5169	34.311073	1.0
-119.52778	34.310535	1.0
-119.53865	34.309998	1.0
-119.54953	34.309456	1.0
#White Wolf (bb.whitewolf) 1  Char
-119.0977	35.0845	0.0
-119.08754	35.087944	0.0
-119.07738	35.09139	0.0
-119.067215	35.094833	0.0
-119.05705	35.098278	0.0
-119.04689	35.10172	0.0
-119.03672	35.10516	0.0
-119.02656	35.1086	0.0
-119.01639	35.11204	0.0
-119.006226	35.11548	0.0
-118.996056	35.118916	0.0
-118.985886	35.122353	0.0
-118.975716	35.12579	0.0
-118.965546	35.129227	0.0
-118.95537	35.13266	0.0
-118.9452	35.136093	0.0
-118.93503	35.139526	0.0
-118.92485	35.14296	0.0
-118.91467	35.14639	0.0
-118.904495	35.14982	0.0
-118.89432	35.153248	0.0
-118.88414	35.156677	0.0
-118.87396	35.160107	0.0
-118.863785	35.163532	0.0
-118.85361	35.166958	0.0
-118.84342	35.170383	0.0
-118.83324	35.173805	0.0
-118.82306	35.17723	0.0
-118.812874	35.180653	0.0
-118.80269	35.184074	0.0
-118.7925	35.187496	0.0
-118.78232	35.190914	0.0
-118.772125	35.194336	0.0
-118.76194	35.197754	0.0
-118.751755	35.20117	0.0
-118.74156	35.204586	0.0
-118.73137	35.208004	0.0
-118.721176	35.21142	0.0
-118.71098	35.214832	0.0
-118.701866	35.219685	0.0
-118.69345	35.2255	0.0
-118.68504	35.23131	0.0
-118.676636	35.237125	0.0
-118.66822	35.24294	0.0
-118.659805	35.248753	0.0
-118.65139	35.254562	0.0
-118.642975	35.260376	0.0
-118.63456	35.266186	0.0
-118.62614	35.271996	0.0
-118.61772	35.277805	0.0
-118.6093	35.283615	0.0
-118.600876	35.289425	0.0
-118.59245	35.29523	0.0
-118.58403	35.301037	0.0
-118.5756	35.306847	0.0
-118.56718	35.312653	0.0
-118.55875	35.318455	0.0
-118.550316	35.32426	0.0
-118.541885	35.330067	0.0
-118.53351	35.33591	0.0
-118.52685	35.343086	0.0
-118.52018	35.350258	0.0
-118.51352	35.357433	0.0
-118.50685	35.36461	0.0
-118.50019	35.37178	0.0
-118.49352	35.378952	0.0
-118.486855	35.386127	0.0
-118.48019	35.3933	0.0
#Anacapa-Dume (mp.anacapa-d) 1  Char
-118.6945	33.9849	0.0
-118.70459	33.98158	0.0
-118.714676	33.97826	0.0
-118.72476	33.974937	0.0
-118.73485	33.971615	0.0
-118.744934	33.968292	0.0
-118.75502	33.96497	0.0
-118.76511	33.961643	0.0
-118.775185	33.958317	0.0
-118.78527	33.95499	0.0
-118.795654	33.952923	0.0
-118.8065	33.95273	0.0
-118.81735	33.952534	0.0
-118.8282	33.95234	0.0
-118.83905	33.952145	0.0
-118.84989	33.951946	0.0
-118.86074	33.951748	0.0
-118.87159	33.95155	0.0
-118.88244	33.95135	0.0
-118.89328	33.95115	0.0
-118.90413	33.950947	0.0
-118.91493	33.951225	0.0
-118.92562	33.952774	0.0
-118.93631	33.954323	0.0
-118.947	33.95587	0.0
-118.95769	33.95742	0.0
-118.968376	33.958965	0.0
-118.979065	33.96051	0.0
-118.98975	33.962055	0.0
-119.00045	33.9636	0.0
-119.01114	33.96514	0.0
-119.02183	33.966682	0.0
-119.032524	33.968224	0.0
-119.04321	33.969765	0.0
-119.05391	33.971302	0.0
-119.0646	33.97284	0.0
-119.075294	33.974377	0.0
-119.08598	33.975914	0.0
-119.09668	33.977448	0.0
-119.107376	33.97898	0.0
-119.11807	33.980515	0.0
-119.12876	33.982048	0.0
-119.13946	33.983578	0.0
-119.15029	33.983593	0.0
-119.16114	33.98335	0.0
-119.17199	33.983105	0.0
-119.18284	33.98286	0.0
-119.19369	33.982616	0.0
-119.20454	33.98237	0.0
-119.215385	33.98212	0.0
-119.226234	33.981873	0.0
-119.23708	33.98162	0.0
-119.24793	33.981373	0.0
-119.25878	33.98112	0.0
-119.26964	33.98087	0.0
-119.28049	33.980614	0.0
-119.291336	33.98036	0.0
-119.302185	33.980106	0.0
-119.313034	33.979847	0.0
-119.32388	33.97959	0.0
-119.33473	33.979332	0.0
-119.345566	33.97951	0.0
-119.35639	33.98015	0.0
-119.36722	33.980785	0.0
-119.378044	33.98142	0.0
-119.38887	33.982056	0.0
-119.3997	33.98269	0.0
-119.41053	33.983322	0.0
-119.42136	33.98395	0.0
-119.43218	33.984585	0.0
-119.44301	33.985214	0.0
-119.453835	33.985844	0.0
-119.46467	33.98647	0.0
-119.475494	33.9871	0.0
-119.48632	33.987724	0.0
-119.49715	33.98835	0.0
#North Frontal fault zone-western (bb.nfrontal) 1  Char
-117.2691	34.3169	0.0
-117.26062	34.32255	0.0
-117.25214	34.3282	0.0
-117.24365	34.33385	0.0
-117.23517	34.3395	0.0
-117.22668	34.345146	0.0
-117.225624	34.35408	0.0
-117.22464	34.36304	0.0
-117.22221	34.3707	0.0
-117.2113	34.3707	0.0
-117.2011	34.371277	0.0
-117.2011	34.380276	0.0
-117.2011	34.389275	0.0
-117.2011	34.398273	0.0
-117.19911	34.40669	0.0
-117.19218	34.41363	0.0
-117.185234	34.420574	0.0
-117.17829	34.427517	0.0
-117.17134	34.43446	0.0
-117.16299	34.43966	0.0
-117.15255	34.44228	0.0
-117.14201	34.44411	0.0
-117.13114	34.443287	0.0
-117.12028	34.44246	0.0
-117.10941	34.44163	0.0
-117.09947	34.438114	0.0
-117.08971	34.434097	0.0
-117.07994	34.430077	0.0
-117.07018	34.426056	0.0
-117.06042	34.42204	0.0
-117.05083	34.41775	0.0
-117.04125	34.413437	0.0
-117.03168	34.409126	0.0
-117.0221	34.40481	0.0
-117.01253	34.400497	0.0
-117.00297	34.396168	0.0
-116.996025	34.38923	0.0
-116.98908	34.382286	0.0
-116.979095	34.37878	0.0
-116.96898	34.375423	0.0
-116.95886	34.372063	0.0
-116.948746	34.368706	0.0
-116.93864	34.365345	0.0
-116.92782	34.365746	0.0
-116.91695	34.366444	0.0
-116.906075	34.367138	0.0
-116.8952	34.367832	0.0
-116.88434	34.368523	0.0
-116.87347	34.369217	0.0
-116.862595	34.369907	0.0
-116.85172	34.370598	0.0
#North Frontal fault zone-eastern (bb.nfrontal-e) 1  Char
-116.7999	34.3369	0.0
-116.78903	34.336227	0.0
-116.77816	34.335552	0.0
-116.767296	34.33488	0.0
-116.756424	34.334206	0.0
-116.74556	34.333527	0.0
-116.73543	34.336372	0.0
-116.72548	34.34004	0.0
-116.71552	34.343704	0.0
-116.70552	34.34411	0.0
-116.69548	34.34061	0.0
-116.68544	34.337116	0.0
-116.67539	34.33362	0.0
-116.66532	34.333027	0.0
-116.65522	34.336395	0.0
-116.64511	34.339764	0.0
-116.634995	34.337692	0.0
-116.62487	34.334347	0.0
-116.61488	34.330757	0.0
-116.60494	34.32707	0.0
-116.595	34.323376	0.0
-116.584724	34.320866	0.0
-116.57384	34.32049	0.0
-116.56295	34.320118	0.0
-116.55206	34.31974	0.0
-116.541176	34.319366	0.0
-116.532104	34.314808	0.0
-116.52341	34.30938	0.0
#Lions Head (bb.lionshead) 1  Char
-120.235	34.6977	0.0
-120.24577	34.6993	0.0
-120.256546	34.700897	0.0
-120.26732	34.702496	0.0
-120.27809	34.70409	0.0
-120.28887	34.705685	0.0
-120.299644	34.70728	0.0
-120.31042	34.708874	0.0
-120.3212	34.710464	0.0
-120.33197	34.712055	0.0
-120.342865	34.71283	0.0
-120.3538	34.713375	0.0
-120.36472	34.71392	0.0
-120.37565	34.714466	0.0
-120.38658	34.715008	0.0
-120.39751	34.71555	0.0
-120.408264	34.716652	0.0
-120.418144	34.72053	0.0
-120.428024	34.72441	0.0
-120.437904	34.728287	0.0
-120.44583	34.73424	0.0
-120.452866	34.74114	0.0
-120.4599	34.748035	0.0
-120.466934	34.754932	0.0
-120.473976	34.76183	0.0
-120.48102	34.768726	0.0
-120.48805	34.775623	0.0
-120.495094	34.78252	0.0
-120.50214	34.789417	0.0
-120.50918	34.79631	0.0
-120.51623	34.803207	0.0
-120.52327	34.8101	0.0
-120.53032	34.816994	0.0
-120.53737	34.823887	0.0
-120.54442	34.83078	0.0
-120.55147	34.837673	0.0
-120.55932	34.84379	0.0
-120.568794	34.84832	0.0
-120.57827	34.852848	0.0
-120.587746	34.857376	0.0
-120.59723	34.861904	0.0
-120.606705	34.866432	0.0
#Los Alamos-W. Baseline (bb.losalamos) 1  Char
-120.3184	34.7589	0.0
-120.30797	34.756157	0.0
-120.29753	34.753414	0.0
-120.2871	34.750668	0.0
-120.27667	34.747925	0.0
-120.266235	34.74518	0.0
-120.255806	34.74243	0.0
-120.24538	34.73968	0.0
-120.23495	34.73693	0.0
-120.224525	34.734184	0.0
-120.214096	34.731434	0.0
-120.20592	34.725754	0.0
-120.19841	34.7192	0.0
-120.19091	34.712643	0.0
-120.1834	34.70609	0.0
-120.1759	34.699535	0.0
-120.1684	34.692978	0.0
-120.160904	34.686424	0.0
-120.153404	34.679867	0.0
-120.14591	34.67331	0.0
-120.136986	34.668194	0.0
-120.12767	34.663475	0.0
-120.11835	34.658756	0.0
-120.10903	34.654034	0.0
-120.099724	34.649315	0.0
-120.09041	34.644592	0.0
-120.08109	34.63987	0.0
-120.071785	34.635147	0.0
-120.06248	34.63042	0.0
#Los Osos (bb.lososos) 1  Char
-120.8664	35.3021	0.0
-120.85538	35.301777	0.0
-120.84436	35.301453	0.0
-120.833336	35.30113	0.0
-120.82232	35.300804	0.0
-120.811295	35.30048	0.0
-120.80028	35.30015	0.0
-120.78925	35.299824	0.0
-120.77847	35.29855	0.0
-120.76819	35.295307	0.0
-120.757904	35.292065	0.0
-120.74762	35.28882	0.0
-120.737335	35.285572	0.0
-120.728806	35.280037	0.0
-120.72074	35.2739	0.0
-120.71268	35.267765	0.0
-120.70461	35.261627	0.0
-120.696556	35.25549	0.0
-120.68849	35.24935	0.0
-120.68126	35.242645	0.0
-120.67523	35.235107	0.0
-120.66921	35.227573	0.0
-120.66319	35.220036	0.0
-120.65717	35.212498	0.0
-120.64893	35.207188	0.0
-120.63868	35.203915	0.0
-120.62842	35.200638	0.0
-120.61816	35.19736	0.0
-120.6079	35.194084	0.0
-120.59765	35.190807	0.0
-120.58739	35.187527	0.0
-120.57713	35.184246	0.0
-120.56688	35.180965	0.0
-120.556625	35.177685	0.0
-120.54638	35.1744	0.0
-120.536125	35.171116	0.0
-120.527435	35.165955	0.0
-120.519936	35.159367	0.0
-120.512436	35.15278	0.0
-120.50494	35.14619	0.0
-120.49744	35.139603	0.0
-120.489944	35.13301	0.0
-120.48245	35.126423	0.0
-120.472084	35.12413	0.0
-120.46126	35.12254	0.0
#San Luis Range -s. margin (bb.sanluisrng) 1  Char
-120.2375	34.8497	0.0
-120.247055	34.85412	0.0
-120.25661	34.858536	0.0
-120.26617	34.862953	0.0
-120.27358	34.869328	0.0
-120.279945	34.876656	0.0
-120.286316	34.883984	0.0
-120.29269	34.891315	0.0
-120.29906	34.898643	0.0
-120.30543	34.905968	0.0
-120.31254	34.91271	0.0
-120.321266	34.918163	0.0
-120.33	34.923615	0.0
-120.33874	34.92907	0.0
-120.347466	34.93452	0.0
-120.3562	34.939972	0.0
-120.364944	34.945423	0.0
-120.37368	34.95087	0.0
-120.38242	34.95632	0.0
-120.39116	34.96177	0.0
-120.3999	34.967216	0.0
-120.408646	34.972664	0.0
-120.416885	34.97856	0.0
-120.42434	34.985172	0.0
-120.4318	34.991783	0.0
-120.439255	34.998394	0.0
-120.44671	35.005	0.0
-120.45417	35.011612	0.0
-120.46163	35.01822	0.0
-120.46909	35.02483	0.0
-120.476555	35.031437	0.0
-120.48402	35.038044	0.0
-120.491486	35.04465	0.0
-120.49895	35.051258	0.0
-120.50642	35.05786	0.0
-120.513885	35.06447	0.0
-120.521355	35.07107	0.0
-120.528824	35.07768	0.0
-120.53629	35.084282	0.0
-120.54377	35.090885	0.0
-120.55125	35.09749	0.0
-120.558716	35.10409	0.0
-120.56702	35.1098	0.0
-120.57685	35.113827	0.0
-120.58669	35.117855	0.0
-120.596535	35.121883	0.0
-120.60638	35.12591	0.0
-120.61622	35.129936	0.0
-120.62606	35.13396	0.0
-120.6359	35.137985	0.0
-120.64576	35.141994	0.0
-120.65568	35.14589	0.0
-120.6656	35.14978	0.0
-120.67553	35.153675	0.0
-120.685455	35.157566	0.0
-120.69538	35.161457	0.0
-120.70531	35.165348	0.0
-120.715416	35.16882	0.0
-120.726166	35.17076	0.0
-120.736916	35.172703	0.0
-120.747665	35.174644	0.0
-120.758415	35.176586	0.0
-120.76917	35.178524	0.0
-120.77992	35.18046	0.0
-120.79068	35.1824	0.0
#Point Reyes (jl0.ptreyes) 1  Char
-122.8337	37.9433	0.0
-122.84474	37.945568	0.0
-122.85579	37.94783	0.0
-122.86684	37.950096	0.0
-122.877884	37.95236	0.0
-122.88893	37.95462	0.0
-122.89998	37.956882	0.0
-122.911026	37.95914	0.0
-122.92208	37.961403	0.0
-122.93313	37.96366	0.0
-122.944176	37.965916	0.0
-122.95523	37.968174	0.0
-122.966286	37.97043	0.0
-122.97733	37.972683	0.0
-122.98839	37.974934	0.0
-122.99944	37.977184	0.0
-123.0105	37.979435	0.0
-123.02155	37.981686	0.0
-123.032616	37.983936	0.0
-123.04367	37.986183	0.0
-123.054726	37.98843	0.0
-123.06579	37.990677	0.0
-123.07264	37.997734	0.0
-123.07925	38.005077	0.0
-123.085846	38.012417	0.0
-123.09246	38.01976	0.0
-123.09907	38.0271	0.0
-123.105675	38.034443	0.0
-123.11229	38.041782	0.0
-123.118904	38.04912	0.0
-123.12552	38.05646	0.0
-123.13213	38.0638	0.0
-123.138756	38.07114	0.0
-123.14537	38.07848	0.0
-123.15199	38.085815	0.0
-123.158615	38.093155	0.0
-123.16524	38.10049	0.0
-123.17186	38.10783	0.0
-123.17848	38.115166	0.0
-123.18511	38.1225	0.0
-123.19174	38.129837	0.0
-123.19837	38.137173	0.0
-123.205	38.14451	0.0
-123.21163	38.151844	0.0
-123.21827	38.159176	0.0
-123.2249	38.16651	0.0
-123.23154	38.173843	0.0
-123.238174	38.18118	0.0
#Little Salmon-onshore (pm.ltsalmon-on) 1  Char
-123.99	40.534	0.0
-124.00025	40.538506	0.0
-124.010506	40.543007	0.0
-124.02076	40.547512	0.0
-124.03102	40.552013	0.0
-124.041275	40.55651	0.0
-124.05154	40.561012	0.0
-124.0618	40.56551	0.0
-124.07206	40.57001	0.0
-124.08232	40.574505	0.0
-124.09259	40.579002	0.0
-124.10285	40.583496	0.0
-124.11107	40.589928	0.0
-124.11902	40.5966	0.0
-124.126976	40.603268	0.0
-124.13493	40.60994	0.0
-124.1429	40.616608	0.0
-124.150856	40.62328	0.0
-124.15882	40.629948	0.0
-124.16679	40.636616	0.0
-124.17475	40.643284	0.0
-124.18027	40.651047	0.0
-124.18408	40.65957	0.0
-124.187904	40.66809	0.0
-124.19173	40.67661	0.0
-124.19556	40.68513	0.0
-124.19938	40.69365	0.0
-124.2032	40.70217	0.0
-124.20703	40.71069	0.0
-124.21086	40.719208	0.0
-124.21469	40.72773	0.0
-124.21851	40.736248	0.0
-124.22235	40.744766	0.0
-124.22618	40.753284	0.0
-124.23001	40.761806	0.0
#Little Salmon-offshore (pm.ltsalmon-off) 1  Char
-124.231	40.764	0.0
-124.24222	40.76697	0.0
-124.25343	40.769943	0.0
-124.26465	40.772915	0.0
-124.27587	40.775887	0.0
-124.287094	40.778854	0.0
-124.29831	40.781822	0.0
-124.30953	40.784786	0.0
-124.320755	40.787754	0.0
-124.33198	40.790718	0.0
-124.34321	40.79368	0.0
-124.353386	40.79764	0.0
-124.3598	40.80522	0.0
-124.36622	40.812798	0.0
-124.372635	40.820377	0.0
-124.37905	40.827953	0.0
-124.38547	40.83553	0.0
-124.39189	40.84311	0.0
-124.39831	40.850685	0.0
-124.40473	40.85826	0.0
-124.411156	40.865837	0.0
-124.41759	40.873413	0.0
-124.42401	40.880985	0.0
-124.43044	40.88856	0.0
-124.436874	40.896137	0.0
-124.443306	40.90371	0.0
-124.44974	40.91128	0.0
-124.45618	40.918858	0.0
-124.46261	40.92643	0.0
-124.46905	40.934002	0.0
-124.47581	40.941307	0.0
-124.48645	40.945354	0.0
-124.49709	40.949406	0.0
-124.50774	40.953453	0.0
-124.51838	40.957497	0.0
-124.52902	40.961544	0.0
-124.53967	40.965588	0.0
-124.55032	40.96963	0.0
-124.560974	40.97367	0.0
-124.571625	40.977715	0.0
-124.582275	40.981754	0.0
-124.59293	40.985794	0.0
-124.603584	40.98983	0.0
-124.61424	40.99387	0.0
-124.6249	40.997906	0.0
-124.63556	41.00194	0.0
-124.64622	41.005974	0.0
#Table Bluff (pm.tablebluff) 1  Char
-124.178	40.647	0.0
-124.18807	40.651752	0.0
-124.19815	40.656506	0.0
-124.20822	40.66126	0.0
-124.2183	40.666008	0.0
-124.22838	40.670757	0.0
-124.23846	40.675507	0.0
-124.24854	40.680256	0.0
-124.25862	40.685	0.0
-124.26871	40.689747	0.0
-124.27879	40.694492	0.0
-124.2901	40.69609	0.0
-124.30197	40.69622	0.0
-124.313835	40.696354	0.0
-124.32571	40.69648	0.0
-124.33758	40.69661	0.0
-124.34945	40.696735	0.0
-124.36131	40.69686	0.0
-124.373184	40.696983	0.0
-124.385056	40.69711	0.0
-124.39693	40.69723	0.0
-124.4088	40.69735	0.0
-124.42066	40.697468	0.0
-124.43253	40.697586	0.0
-124.444405	40.697704	0.0
-124.456276	40.69782	0.0
-124.46815	40.697933	0.0
-124.478836	40.70045	0.0
-124.48791	40.706253	0.0
-124.49699	40.712055	0.0
-124.506065	40.717854	0.0
-124.515144	40.72365	0.0
-124.52423	40.72945	0.0
-124.53332	40.73525	0.0
-124.542404	40.741047	0.0
-124.55149	40.746845	0.0
-124.56058	40.75264	0.0
-124.569664	40.758434	0.0
-124.57876	40.76423	0.0
-124.58785	40.770023	0.0
-124.59695	40.775818	0.0
-124.60605	40.78161	0.0
-124.61514	40.7874	0.0
-124.624245	40.79319	0.0
-124.63335	40.79898	0.0
-124.64245	40.80477	0.0
-124.65155	40.81056	0.0
-124.66066	40.81635	0.0
-124.66977	40.822136	0.0
-124.67888	40.827923	0.0
#Trinidad (pm.trinidad) 1  Char
-123.841	40.79	0.0
-123.849205	40.796513	0.0
-123.857414	40.803024	0.0
-123.865616	40.809536	0.0
-123.873825	40.816048	0.0
-123.88204	40.82256	0.0
-123.89025	40.82907	0.0
-123.89847	40.83558	0.0
-123.90668	40.84209	0.0
-123.914894	40.8486	0.0
-123.92295	40.85521	0.0
-123.92984	40.862545	0.0
-123.93674	40.869884	0.0
-123.94363	40.87722	0.0
-123.95052	40.884556	0.0
-123.95742	40.89189	0.0
-123.96432	40.899227	0.0
-123.97122	40.906563	0.0
-123.97812	40.9139	0.0
-123.98502	40.92123	0.0
-123.99193	40.928566	0.0
-123.99883	40.935898	0.0
-124.00417	40.943935	0.0
-124.00938	40.95203	0.0
-124.01458	40.96013	0.0
-124.01978	40.968227	0.0
-124.02499	40.976322	0.0
-124.0312	40.983856	0.0
-124.039925	40.989994	0.0
-124.048645	40.996128	0.0
-124.05737	41.00226	0.0
-124.0661	41.008392	0.0
-124.07484	41.014526	0.0
-124.083565	41.020657	0.0
-124.0923	41.026787	0.0
-124.101036	41.032917	0.0
-124.10977	41.039047	0.0
-124.117096	41.046116	0.0
-124.124016	41.053448	0.0
-124.130936	41.06078	0.0
-124.13786	41.06811	0.0
-124.14478	41.07544	0.0
-124.15171	41.08277	0.0
-124.15864	41.0901	0.0
-124.16557	41.09743	0.0
-124.1725	41.10476	0.0
-124.179436	41.112087	0.0
-124.18637	41.119415	0.0
-124.193306	41.126743	0.0
-124.20025	41.13407	0.0
-124.207184	41.1414	0.0
-124.21413	41.148727	0.0
-124.22107	41.15605	0.0
-124.22801	41.16338	0.0
-124.234955	41.170704	0.0
-124.241905	41.17803	0.0
-124.248856	41.185352	0.0
-124.25656	41.19222	0.0
-124.26455	41.198917	0.0
-124.27254	41.205616	0.0
-124.28053	41.212315	0.0
-124.28852	41.219013	0.0
-124.29652	41.22571	0.0
-124.30451	41.232407	0.0
-124.31251	41.2391	0.0
-124.319534	41.246227	0.0
-124.32346	41.25473	0.0
-124.32739	41.263233	0.0
-124.33132	41.271736	0.0
-124.33525	41.280235	0.0
-124.33918	41.28874	0.0
-124.34309	41.297245	0.0
-124.346	41.305973	0.0
-124.34893	41.314705	0.0
-124.35185	41.323433	0.0
-124.354774	41.33216	0.0
-124.3577	41.34089	0.0
-124.36063	41.349617	0.0
-124.363556	41.35834	0.0
-124.36648	41.36707	0.0
-124.36941	41.375797	0.0
-124.37234	41.384525	0.0
-124.37527	41.393253	0.0
-124.3782	41.40198	0.0
-124.38113	41.41071	0.0
-124.38406	41.419437	0.0
-124.38699	41.42816	0.0
-124.38993	41.43689	0.0
-124.39286	41.445618	0.0
#Fickle hill (pm.ficklehill) 1  Char
-123.9646	40.7439	0.0
-123.96961	40.75206	0.0
-123.974625	40.76022	0.0
-123.97964	40.768383	0.0
-123.98465	40.776543	0.0
-123.98968	40.784695	0.0
-123.995735	40.79244	0.0
-124.00179	40.800182	0.0
-124.00785	40.807926	0.0
-124.01391	40.81567	0.0
-124.01997	40.823414	0.0
-124.02604	40.831154	0.0
-124.032104	40.838898	0.0
-124.03817	40.846638	0.0
-124.04424	40.85438	0.0
-124.05122	40.86163	0.0
-124.05896	40.868465	0.0
-124.0667	40.875298	0.0
-124.07445	40.882133	0.0
-124.0822	40.888966	0.0
-124.08994	40.8958	0.0
-124.097694	40.902634	0.0
-124.105446	40.909466	0.0
-124.1132	40.916298	0.0
-124.12096	40.92313	0.0
-124.12871	40.929962	0.0
-124.13647	40.93679	0.0
-124.144226	40.943623	0.0
-124.151985	40.95045	0.0
-124.15975	40.95728	0.0
-124.16751	40.964108	0.0
-124.17528	40.970936	0.0
-124.183044	40.97776	0.0
#Mad River (pm.madriver) 1  Char
-123.9246	40.747	0.0
-123.92923	40.755287	0.0
-123.93387	40.763577	0.0
-123.9385	40.771862	0.0
-123.94313	40.78015	0.0
-123.94777	40.788437	0.0
-123.95241	40.796726	0.0
-123.95705	40.80501	0.0
-123.96383	40.812218	0.0
-123.97217	40.818634	0.0
-123.98051	40.82505	0.0
-123.988846	40.831467	0.0
-123.99714	40.837917	0.0
-124.00504	40.844643	0.0
-124.012955	40.851368	0.0
-124.02086	40.858093	0.0
-124.02877	40.86482	0.0
-124.03668	40.87154	0.0
-124.04459	40.878265	0.0
-124.052505	40.884987	0.0
-124.060425	40.89171	0.0
-124.068344	40.89843	0.0
-124.07647	40.905006	0.0
-124.08465	40.91155	0.0
-124.09282	40.918095	0.0
-124.101	40.92464	0.0
-124.10918	40.931183	0.0
-124.115685	40.93865	0.0
-124.12145	40.94652	0.0
-124.12722	40.9544	0.0
-124.132996	40.962273	0.0
-124.13876	40.970146	0.0
-124.14454	40.978024	0.0
-124.15135	40.985218	0.0
-124.16084	40.99066	0.0
-124.17034	40.996105	0.0
-124.17983	41.00155	0.0
-124.18933	41.006992	0.0
-124.19884	41.012432	0.0
-124.208336	41.01787	0.0
-124.21784	41.02331	0.0
-124.22735	41.02875	0.0
-124.236855	41.034187	0.0
#McKinleyvile (pm.mckinleyvl) 1  Char
-123.8638	40.7571	0.0
-123.87157	40.763912	0.0
-123.87933	40.77072	0.0
-123.88711	40.77753	0.0
-123.89488	40.78434	0.0
-123.90266	40.79115	0.0
-123.91147	40.797176	0.0
-123.920395	40.80312	0.0
-123.92932	40.809063	0.0
-123.938255	40.815006	0.0
-123.947014	40.821095	0.0
-123.95564	40.827286	0.0
-123.96428	40.833477	0.0
-123.972916	40.83967	0.0
-123.98155	40.845856	0.0
-123.99019	40.852047	0.0
-123.99878	40.85827	0.0
-124.006065	40.865383	0.0
-124.01335	40.872498	0.0
-124.020645	40.879612	0.0
-124.02794	40.886726	0.0
-124.03523	40.89384	0.0
-124.04253	40.90095	0.0
-124.04983	40.908062	0.0
-124.05599	40.915745	0.0
-124.06188	40.92357	0.0
-124.067764	40.931396	0.0
-124.073654	40.93922	0.0
-124.07954	40.947044	0.0
-124.08543	40.95487	0.0
-124.091415	40.962643	0.0
-124.098404	40.969933	0.0
-124.1054	40.977222	0.0
-124.11239	40.984512	0.0
-124.119385	40.991802	0.0
-124.12638	40.99909	0.0
-124.13338	41.00638	0.0
-124.14038	41.013664	0.0
-124.14738	41.02095	0.0
-124.15438	41.028236	0.0
-124.161385	41.035526	0.0
-124.16839	41.04281	0.0
-124.1754	41.050095	0.0
-124.18241	41.05738	0.0
-124.19363	41.059757	0.0
-124.205315	41.061596	0.0
-124.217	41.063435	0.0
-124.22868	41.06527	0.0
#Big Lagoon-Bald Mtn (pm.biglagoon) 1  Char
-123.9341	41.033	0.0
-123.94035	41.040665	0.0
-123.9466	41.048332	0.0
-123.95286	41.055996	0.0
-123.959114	41.06366	0.0
-123.96538	41.071323	0.0
-123.971634	41.078987	0.0
-123.9779	41.08665	0.0
-123.98415	41.094315	0.0
-123.99042	41.10198	0.0
-123.99837	41.10851	0.0
-124.00775	41.114082	0.0
-124.017136	41.11965	0.0
-124.02652	41.12522	0.0
-124.03591	41.130787	0.0
-124.0453	41.136356	0.0
-124.05469	41.141922	0.0
-124.06408	41.147488	0.0
-124.07348	41.153053	0.0
-124.08287	41.158615	0.0
-124.09227	41.16418	0.0
-124.09824	41.171757	0.0
-124.103165	41.179962	0.0
-124.10808	41.188168	0.0
-124.11299	41.19637	0.0
-124.11791	41.204575	0.0
-124.12283	41.21278	0.0
-124.127754	41.22098	0.0
-124.132675	41.229187	0.0
-124.137596	41.23739	0.0
-124.14252	41.245594	0.0
-124.147446	41.253796	0.0
-124.152374	41.261997	0.0
-124.157295	41.270203	0.0
-124.16223	41.278404	0.0
-124.16716	41.286606	0.0
-124.17209	41.294807	0.0
-124.177025	41.30301	0.0
-124.18195	41.31121	0.0
-124.18689	41.319412	0.0
-124.191826	41.327614	0.0
-124.19677	41.335815	0.0
-124.201706	41.344013	0.0
-124.20664	41.352215	0.0
-124.211586	41.360416	0.0
-124.21653	41.368614	0.0
-124.22147	41.376816	0.0
-124.22642	41.385014	0.0
-124.23137	41.393215	0.0
-124.23631	41.401413	0.0
-124.241264	41.40961	0.0
-124.246216	41.417812	0.0
-124.25117	41.42601	0.0
-124.25612	41.434208	0.0
-124.26107	41.442406	0.0
-124.26603	41.450603	0.0
-124.27098	41.4588	0.0
-124.27594	41.467	0.0
-124.2809	41.475197	0.0
-124.28586	41.483395	0.0
-124.29082	41.49159	0.0
-124.295784	41.499786	0.0
-124.30075	41.507984	0.0
-124.30571	41.51618	0.0
-124.31068	41.524376	0.0
-124.3185	41.531143	0.0
-124.32672	41.53771	0.0
-124.334946	41.544273	0.0
-124.34318	41.55084	0.0
-124.3514	41.5574	0.0
-124.359634	41.56396	0.0
-124.367874	41.570522	0.0
-124.37607	41.577103	0.0
-124.3814	41.58517	0.0
-124.386734	41.59324	0.0
-124.39207	41.601307	0.0
-124.3974	41.609375	0.0
-124.40273	41.617443	0.0
-124.40807	41.62551	0.0
-124.413414	41.63358	0.0
-124.418755	41.641644	0.0
-124.424095	41.64971	0.0
-124.429436	41.65778	0.0
-124.433	41.666245	0.0
-124.43451	41.675175	0.0
-124.43602	41.684105	0.0
-124.43753	41.69303	0.0
-124.43904	41.70196	0.0
-124.44055	41.71089	0.0
-124.44206	41.71982	0.0
-124.44357	41.72875	0.0
#Great Valley 1 (jl0.grtvly01) 1  Char
-122.2997	39.6786	7.0
-122.29926	39.669605	7.0
-122.29883	39.660614	7.0
-122.29839	39.65162	7.0
-122.29796	39.642624	7.0
-122.29752	39.63363	7.0
-122.29709	39.624638	7.0
-122.29665	39.615643	7.0
-122.29623	39.606647	7.0
-122.29579	39.597656	7.0
-122.29536	39.58866	7.0
-122.29492	39.579666	7.0
-122.29449	39.570675	7.0
-122.29405	39.56168	7.0
-122.29362	39.552685	7.0
-122.29319	39.543694	7.0
-122.292755	39.5347	7.0
-122.29232	39.525703	7.0
-122.291885	39.516712	7.0
-122.29145	39.507717	7.0
-122.29102	39.498722	7.0
-122.29059	39.489727	7.0
-122.29015	39.480736	7.0
-122.28973	39.47174	7.0
-122.28929	39.462746	7.0
-122.28886	39.453754	7.0
-122.28843	39.44476	7.0
-122.287994	39.435764	7.0
-122.28756	39.426773	7.0
-122.28713	39.417778	7.0
-122.2867	39.408783	7.0
-122.28626	39.399788	7.0
-122.285835	39.390797	7.0
-122.2854	39.3818	7.0
-122.28497	39.372807	7.0
-122.28454	39.363815	7.0
-122.28411	39.35482	7.0
-122.283676	39.345825	7.0
-122.28325	39.336834	7.0
-122.282814	39.32784	7.0
-122.28239	39.318844	7.0
-122.28195	39.30985	7.0
-122.281525	39.300858	7.0
-122.2811	39.291862	7.0
-122.28066	39.282867	7.0
#Great Valley 3 (jl0.grtvly03) 1  Char
-122.2777	39.1169	7.0
-122.27265	39.1088	7.0
-122.2676	39.100693	7.0
-122.26256	39.09259	7.0
-122.25751	39.084488	7.0
-122.252464	39.076385	7.0
-122.24742	39.06828	7.0
-122.24238	39.060177	7.0
-122.23734	39.05207	7.0
-122.2323	39.04397	7.0
-122.227264	39.035862	7.0
-122.22222	39.02776	7.0
-122.217186	39.019653	7.0
-122.21215	39.011547	7.0
-122.207115	39.00344	7.0
-122.20209	38.99534	7.0
-122.19705	38.987232	7.0
-122.192024	38.979126	7.0
-122.18699	38.97102	7.0
-122.18196	38.962914	7.0
-122.17693	38.954803	7.0
-122.17191	38.946697	7.0
-122.166885	38.93859	7.0
-122.161865	38.930485	7.0
-122.15684	38.922375	7.0
-122.15182	38.91427	7.0
-122.1468	38.90616	7.0
-122.14178	38.898052	7.0
-122.136765	38.889942	7.0
-122.131744	38.881832	7.0
-122.12673	38.873726	7.0
-122.12171	38.865616	7.0
-122.1167	38.857506	7.0
-122.11169	38.849396	7.0
-122.106674	38.841286	7.0
-122.10167	38.833176	7.0
-122.09666	38.825066	7.0
-122.09165	38.816956	7.0
-122.08665	38.808846	7.0
-122.081635	38.800735	7.0
-122.07664	38.792625	7.0
-122.07163	38.78451	7.0
-122.06663	38.7764	7.0
-122.06163	38.768288	7.0
-122.056625	38.760178	7.0
-122.05163	38.752064	7.0
-122.04663	38.743954	7.0
-122.04163	38.73584	7.0
-122.036644	38.727726	7.0
-122.03165	38.719616	7.0
-122.02666	38.711502	7.0
-122.02166	38.70339	7.0
-122.01667	38.695274	7.0
-122.01168	38.68716	7.0
-122.00669	38.679047	7.0
-122.00171	38.670933	7.0
#Great Valley 4 (jl0.grtvly04) 1  Char
-122.0511	38.652	7.0
-122.04731	38.6435	7.0
-122.04351	38.635002	7.0
-122.03972	38.626503	7.0
-122.03593	38.618004	7.0
-122.03214	38.60951	7.0
-122.02835	38.60101	7.0
-122.02456	38.59251	7.0
-122.020775	38.58401	7.0
-122.01699	38.575512	7.0
-122.0132	38.56701	7.0
-122.009415	38.55851	7.0
-122.00563	38.55001	7.0
-122.001854	38.54151	7.0
-121.99807	38.533012	7.0
-121.994286	38.524513	7.0
-121.99051	38.51601	7.0
-121.986725	38.50751	7.0
-121.98295	38.499012	7.0
-121.97917	38.49051	7.0
-121.975395	38.48201	7.0
-121.97162	38.473507	7.0
-121.96784	38.465008	7.0
-121.96407	38.456505	7.0
-121.9603	38.448006	7.0
-121.95653	38.439503	7.0
-121.95275	38.431004	7.0
-121.94898	38.4225	7.0
-121.94521	38.413998	7.0
-121.941444	38.4055	7.0
-121.937675	38.396996	7.0
-121.93391	38.388493	7.0
-121.930145	38.37999	7.0
-121.92638	38.37149	7.0
-121.922615	38.362988	7.0
-121.918846	38.354485	7.0
-121.915085	38.34598	7.0
-121.91132	38.33748	7.0
-121.90756	38.328976	7.0
-121.9038	38.320473	7.0
-121.90005	38.31197	7.0
-121.896286	38.303467	7.0
-121.89253	38.294964	7.0
#Great Valley 7 (jl0.grtvly07) 1  Char
-121.5241	37.7344	7.0
-121.51594	37.72813	7.0
-121.50777	37.721863	7.0
-121.4996	37.71559	7.0
-121.49145	37.709324	7.0
-121.483284	37.703053	7.0
-121.47513	37.69678	7.0
-121.46697	37.69051	7.0
-121.45882	37.684235	7.0
-121.45066	37.677963	7.0
-121.442505	37.67169	7.0
-121.43436	37.665417	7.0
-121.4262	37.65914	7.0
-121.41805	37.652866	7.0
-121.409904	37.64659	7.0
-121.40176	37.640312	7.0
-121.393616	37.634037	7.0
-121.38547	37.627758	7.0
-121.37733	37.621483	7.0
-121.36919	37.615204	7.0
-121.361046	37.608925	7.0
-121.35291	37.602646	7.0
-121.34477	37.596363	7.0
-121.33664	37.590084	7.0
-121.32851	37.5838	7.0
-121.32037	37.57752	7.0
-121.31224	37.571236	7.0
-121.30411	37.564953	7.0
-121.29598	37.55867	7.0
-121.28786	37.552387	7.0
-121.27973	37.5461	7.0
-121.27161	37.539818	7.0
-121.26348	37.53353	7.0
-121.255356	37.527245	7.0
-121.24724	37.520958	7.0
-121.23912	37.51467	7.0
-121.231	37.50838	7.0
-121.222885	37.502094	7.0
-121.214775	37.495804	7.0
-121.20666	37.489513	7.0
-121.19855	37.483223	7.0
-121.19044	37.476933	7.0
-121.18233	37.470642	7.0
-121.17422	37.46435	7.0
-121.166115	37.458057	7.0
-121.158005	37.451763	7.0
#Great Valley 8 (jl0.grtvly08) 1  Char
-121.158	37.434	7.0
-121.15385	37.425625	7.0
-121.1497	37.41725	7.0
-121.145546	37.408875	7.0
-121.141396	37.4005	7.0
-121.13725	37.392128	7.0
-121.1331	37.38375	7.0
-121.12896	37.375378	7.0
-121.12481	37.367	7.0
-121.12067	37.358624	7.0
-121.11652	37.35025	7.0
-121.11238	37.341873	7.0
-121.10824	37.333496	7.0
-121.104095	37.32512	7.0
-121.09996	37.316746	7.0
-121.09582	37.30837	7.0
-121.09168	37.29999	7.0
-121.08755	37.291615	7.0
-121.083405	37.283237	7.0
-121.07927	37.27486	7.0
-121.07514	37.266483	7.0
-121.07101	37.258106	7.0
-121.06687	37.24973	7.0
-121.062744	37.241352	7.0
-121.05861	37.232975	7.0
-121.05448	37.224594	7.0
-121.050354	37.216217	7.0
-121.04623	37.20784	7.0
-121.0421	37.19946	7.0
-121.03797	37.191082	7.0
-121.033844	37.182705	7.0
-121.029724	37.174324	7.0
-121.0256	37.165947	7.0
-121.02148	37.157566	7.0
-121.01736	37.14919	7.0
-121.01324	37.14081	7.0
-121.00912	37.132427	7.0
-121.005	37.12405	7.0
-121.00088	37.11567	7.0
-120.996765	37.10729	7.0
-120.992645	37.098907	7.0
-120.98853	37.09053	7.0
#Great Valley 9 (jl0.grtvly09) 1  Char
-120.9867	37.1031	7.0
-120.980576	37.095543	7.0
-120.97445	37.087982	7.0
-120.96833	37.08042	7.0
-120.962204	37.072865	7.0
-120.956085	37.065304	7.0
-120.94997	37.057743	7.0
-120.94385	37.050182	7.0
-120.93774	37.04262	7.0
-120.93162	37.03506	7.0
-120.92551	37.027496	7.0
-120.91939	37.019936	7.0
-120.91328	37.012375	7.0
-120.907166	37.00481	7.0
-120.90106	36.99725	7.0
-120.89495	36.989685	7.0
-120.88885	36.98212	7.0
-120.88274	36.97456	7.0
-120.87663	36.966995	7.0
-120.87053	36.95943	7.0
-120.864426	36.951866	7.0
-120.85833	36.9443	7.0
-120.85223	36.936733	7.0
-120.84613	36.92917	7.0
-120.840034	36.921604	7.0
-120.83394	36.914036	7.0
-120.82784	36.90647	7.0
-120.82175	36.898903	7.0
-120.81566	36.891335	7.0
-120.80956	36.88377	7.0
-120.803474	36.8762	7.0
-120.797386	36.868633	7.0
-120.7913	36.861065	7.0
-120.78521	36.853497	7.0
-120.77913	36.845924	7.0
-120.77304	36.838356	7.0
-120.76696	36.830788	7.0
-120.76088	36.823215	7.0
-120.7548	36.815647	7.0
-120.74872	36.808075	7.0
#Northridge (bnoridge) 1  Char
-118.7027	34.4057	5.0
-118.69303	34.401535	5.0
-118.683365	34.397366	5.0
-118.6737	34.3932	5.0
-118.66403	34.38903	5.0
-118.654366	34.38486	5.0
-118.6447	34.38069	5.0
-118.63504	34.37652	5.0
-118.625374	34.37235	5.0
-118.615715	34.368176	5.0
-118.60606	34.364002	5.0
-118.5964	34.35983	5.0
-118.58674	34.355656	5.0
-118.57708	34.35148	5.0
-118.56742	34.3473	5.0
-118.55777	34.343124	5.0
-118.54811	34.338947	5.0
-118.53846	34.33477	5.0
-118.52881	34.33059	5.0
-118.51915	34.32641	5.0
-118.50951	34.32223	5.0
-118.499855	34.318047	5.0
-118.490204	34.313866	5.0
-118.48055	34.30968	5.0
-118.47091	34.3055	5.0
-118.461266	34.301315	5.0
-118.45162	34.29713	5.0
-118.44197	34.292942	5.0
-118.432335	34.288757	5.0
-118.42269	34.28457	5.0
-118.41305	34.28038	5.0
-118.40341	34.27619	5.0
#Pleito Thrust (bb.pleito) 1  Char
-119.2959	34.9415	0.0
-119.2854	34.944126	0.0
-119.274895	34.946754	0.0
-119.2644	34.94938	0.0
-119.25389	34.952007	0.0
-119.243385	34.954628	0.0
-119.2327	34.956116	0.0
-119.22172	34.955902	0.0
-119.21074	34.95569	0.0
-119.20042	34.957924	0.0
-119.19055	34.961884	0.0
-119.180695	34.965843	0.0
-119.17083	34.969803	0.0
-119.160965	34.973763	0.0
-119.1511	34.97772	0.0
-119.141235	34.981674	0.0
-119.13136	34.98563	0.0
-119.12158	34.989727	0.0
-119.11185	34.99389	0.0
-119.102104	34.99805	0.0
-119.09236	35.00221	0.0
-119.08262	35.006367	0.0
-119.071846	35.00722	0.0
-119.06086	35.007366	0.0
-119.050125	35.007088	0.0
-119.04355	34.999878	0.0
-119.03698	34.992664	0.0
-119.02834	34.987186	0.0
-119.01939	34.981976	0.0
-119.010345	34.976868	0.0
-119.001076	34.97204	0.0
-118.99291	34.9664	0.0
-118.98809	34.958313	0.0
-118.98327	34.95023	0.0
-118.97781	34.942513	0.0
-118.97007	34.93613	0.0
-118.95986	34.93346	0.0
-118.94913	34.93159	0.0
-118.93819	34.932102	0.0
-118.927284	34.93289	0.0
-118.9173	34.93663	0.0
-118.90702	34.938625	0.0
-118.89617	34.93722	0.0
-118.88533	34.935818	0.0
-118.87449	34.934414	0.0
#Monte Vista-Shannon (cc.montevista) 1  Char
-122.25	37.4375	0.0
-122.24157	37.43148	0.0
-122.23315	37.42546	0.0
-122.224724	37.41944	0.0
-122.2163	37.41342	0.0
-122.20788	37.4074	0.0
-122.19946	37.40138	0.0
-122.19104	37.395355	0.0
-122.182625	37.38933	0.0
-122.17421	37.38331	0.0
-122.165794	37.377285	0.0
-122.15738	37.371258	0.0
-122.148964	37.365234	0.0
-122.14056	37.359207	0.0
-122.13215	37.35318	0.0
-122.12374	37.347153	0.0
-122.11533	37.341125	0.0
-122.106926	37.335094	0.0
-122.098526	37.329067	0.0
-122.09012	37.323036	0.0
-122.08172	37.317005	0.0
-122.07332	37.310974	0.0
-122.06492	37.30495	0.0
-122.05597	37.299446	0.0
-122.04701	37.29394	0.0
-122.03806	37.288433	0.0
-122.02912	37.28293	0.0
-122.02017	37.27742	0.0
-122.01122	37.271915	0.0
-122.00228	37.266407	0.0
-121.992935	37.26135	0.0
-121.98345	37.256447	0.0
-121.97397	37.251545	0.0
-121.964485	37.246643	0.0
-121.95501	37.241737	0.0
-121.945526	37.23683	0.0
-121.93605	37.231926	0.0
-121.92643	37.22729	0.0
-121.91544	37.225163	0.0
-121.904465	37.22303	0.0
-121.893486	37.220894	0.0
-121.88251	37.21876	0.0
-121.87153	37.216625	0.0
-121.86055	37.21449	0.0
-121.84957	37.212353	0.0
-121.83859	37.210213	0.0
#Channel Island Thrust (bchanisle wt 25%) 1  Char
-119.2662	33.9753	5.0
-119.277054	33.97541	5.0
-119.2879	33.975517	5.0
-119.29876	33.975624	5.0
-119.30961	33.97573	5.0
-119.32046	33.975838	5.0
-119.331314	33.97594	5.0
-119.34216	33.976044	5.0
-119.35302	33.976147	5.0
-119.36387	33.976246	5.0
-119.374725	33.97635	5.0
-119.385574	33.976448	5.0
-119.39643	33.976547	5.0
-119.40728	33.976643	5.0
-119.41813	33.97674	5.0
-119.428986	33.976837	5.0
-119.439835	33.976933	5.0
-119.45069	33.977024	5.0
-119.46154	33.97712	5.0
-119.4724	33.97721	5.0
-119.483246	33.9773	5.0
-119.4941	33.97739	5.0
-119.50495	33.977478	5.0
-119.51581	33.97757	5.0
-119.52666	33.977654	5.0
-119.53751	33.97774	5.0
-119.54836	33.977825	5.0
-119.55922	33.97791	5.0
-119.57007	33.977993	5.0
-119.580925	33.978077	5.0
-119.591774	33.978157	5.0
-119.60263	33.978237	5.0
-119.61348	33.978317	5.0
-119.62434	33.978397	5.0
-119.635185	33.978474	5.0
-119.64604	33.97855	5.0
-119.65689	33.978626	5.0
-119.66775	33.978703	5.0
-119.6786	33.978775	5.0
-119.68945	33.978848	5.0
-119.7003	33.97892	5.0
-119.71116	33.978992	5.0
-119.72201	33.97906	5.0
-119.732864	33.97913	5.0
-119.74371	33.9792	5.0
-119.75457	33.979267	5.0
-119.76542	33.979332	5.0
-119.776276	33.979397	5.0
-119.78713	33.97946	5.0
-119.79798	33.979527	5.0
-119.80884	33.979588	5.0
-119.81969	33.97965	5.0
-119.83054	33.97971	5.0
-119.84139	33.979767	5.0
-119.85225	33.979828	5.0
-119.8631	33.979885	5.0
-119.873955	33.979942	5.0
-119.88481	33.979996	5.0
-119.89566	33.980053	5.0
-119.90652	33.980106	5.0
-119.917366	33.98016	5.0
-119.92822	33.98021	5.0
-119.93907	33.980263	5.0
-119.94993	33.980312	5.0
#Oakridge Mid Channel Montalvo-Oak(mp.- wt 25%) 1  Char
-119.2763	34.2503	5.0
-119.28699	34.248592	5.0
-119.29768	34.246883	5.0
-119.30837	34.245174	5.0
-119.31906	34.243465	5.0
-119.32975	34.241753	5.0
-119.34057	34.241203	5.0
-119.351456	34.241207	5.0
-119.36234	34.24121	5.0
-119.37323	34.241215	5.0
-119.38412	34.241215	5.0
-119.395004	34.24122	5.0
-119.40589	34.24122	5.0
-119.41678	34.241215	5.0
-119.427666	34.241215	5.0
-119.43855	34.24121	5.0
-119.44944	34.241207	5.0
-119.46033	34.241203	5.0
-119.4712	34.24162	5.0
-119.48206	34.2422	5.0
-119.49293	34.24278	5.0
-119.50379	34.243355	5.0
-119.514656	34.243935	5.0
-119.52552	34.24451	5.0
-119.53639	34.245087	5.0
-119.54726	34.24566	5.0
-119.55812	34.246235	5.0
-119.568985	34.246807	5.0
-119.57985	34.24738	5.0
-119.59071	34.24795	5.0
-119.601585	34.24852	5.0
-119.61245	34.24909	5.0
-119.623314	34.249657	5.0
-119.634186	34.250225	5.0
-119.64505	34.25079	5.0
-119.655914	34.251354	5.0
-119.66679	34.25192	5.0
#Oakridge-blind thrust offshore (mp.oakr-off-wt 25% 1  Char
-119.6767	34.1741	5.0
-119.66584	34.17354	5.0
-119.65498	34.172977	5.0
-119.64413	34.172413	5.0
-119.63327	34.17185	5.0
-119.62241	34.17128	5.0
-119.61156	34.170715	5.0
-119.6007	34.170147	5.0
-119.58984	34.16958	5.0
-119.57899	34.16901	5.0
-119.56814	34.168438	5.0
-119.55728	34.16787	5.0
-119.546425	34.167297	5.0
-119.53557	34.16672	5.0
-119.52471	34.16615	5.0
-119.513855	34.165573	5.0
-119.503006	34.164997	5.0
-119.49215	34.16442	5.0
-119.48129	34.16384	5.0
-119.470436	34.163265	5.0
-119.45957	34.163002	5.0
-119.44869	34.16301	5.0
-119.43782	34.163013	5.0
-119.42694	34.163017	5.0
-119.41606	34.163017	5.0
-119.40519	34.16302	5.0
-119.39431	34.16302	5.0
-119.38343	34.16302	5.0
-119.37256	34.163017	5.0
-119.36168	34.163017	5.0
-119.3508	34.163013	5.0
-119.33993	34.16301	5.0
-119.32905	34.163002	5.0
-119.318275	34.163906	5.0
-119.3076	34.16562	5.0
-119.29692	34.167336	5.0
-119.28624	34.169052	5.0
-119.275566	34.170765	5.0
-119.264885	34.172478	5.0
-119.2542	34.174187	5.0
#Upper Elysian Park (new) 1  Char
-118.0998	34.0683	3.0
-118.11026	34.065872	3.0
-118.12073	34.063446	3.0
-118.13121	34.06125	3.0
-118.14205	34.06191	3.0
-118.152885	34.062565	3.0
-118.16372	34.06322	3.0
-118.17455	34.063877	3.0
-118.18539	34.06453	3.0
-118.19623	34.06518	3.0
-118.20706	34.065834	3.0
-118.217896	34.066486	3.0
-118.22874	34.067135	3.0
-118.238396	34.070114	3.0
-118.24655	34.076057	3.0
-118.254715	34.081997	3.0
-118.26288	34.087936	3.0
-118.27105	34.093876	3.0
-118.27921	34.099815	3.0
-118.28738	34.105755	3.0
-118.29555	34.11169	3.0
#North Channel Slope (bnchanslp) 1  Char
-119.662	34.4003	10.0
-119.67285	34.401215	10.0
-119.6837	34.40213	10.0
-119.69456	34.40304	10.0
-119.70541	34.403954	10.0
-119.716255	34.404865	10.0
-119.72711	34.405777	10.0
-119.73796	34.406685	10.0
-119.74882	34.407593	10.0
-119.75967	34.4085	10.0
-119.77052	34.40941	10.0
-119.78138	34.410313	10.0
-119.79223	34.411217	10.0
-119.803085	34.41212	10.0
-119.81394	34.413025	10.0
-119.82479	34.413925	10.0
-119.83565	34.414825	10.0
-119.846504	34.415726	10.0
-119.85736	34.416626	10.0
-119.86822	34.417522	10.0
-119.87907	34.41842	10.0
-119.88992	34.419315	10.0
-119.90078	34.42021	10.0
-119.91164	34.421104	10.0
-119.92249	34.421997	10.0
-119.93335	34.42289	10.0
-119.94421	34.423782	10.0
-119.95507	34.42467	10.0
-119.96593	34.42556	10.0
-119.97678	34.42645	10.0
-119.98764	34.427338	10.0
-119.9985	34.428223	10.0
-120.00935	34.429108	10.0
-120.02022	34.429993	10.0
-120.031075	34.430874	10.0
-120.04193	34.43176	10.0
-120.052795	34.43264	10.0
-120.06365	34.43352	10.0
-120.07452	34.4344	10.0
-120.08537	34.43528	10.0
-120.09624	34.436157	10.0
-120.10709	34.437035	10.0
-120.11796	34.43791	10.0
-120.128815	34.438786	10.0
-120.13968	34.43966	10.0
-120.150536	34.44053	10.0
-120.1614	34.441402	10.0
-120.172264	34.442272	10.0
-120.18312	34.443142	10.0
-120.193985	34.44401	10.0
-120.20485	34.44488	10.0
-120.21571	34.445747	10.0
-120.22658	34.446613	10.0
-120.23744	34.44748	10.0
-120.2483	34.448345	10.0
-120.25916	34.449207	10.0
-120.27003	34.45007	10.0
-120.28089	34.45093	10.0
-120.291756	34.45179	10.0
-120.30262	34.452652	10.0
-120.313484	34.45351	10.0
-120.324356	34.454365	10.0
-120.33522	34.455223	10.0
-120.346085	34.456078	10.0
-120.35695	34.456932	10.0
-120.36781	34.457787	10.0
-120.378685	34.45864	10.0
-120.38955	34.45949	10.0
-120.40041	34.460342	10.0
#San Joaquin Hills Thrust (no equivelant) 1  Char
-117.933	33.695	2.0
-117.92221	33.694317	2.0
-117.91143	33.693634	2.0
-117.90064	33.69295	2.0
-117.889854	33.692265	2.0
-117.879074	33.69158	2.0
-117.868286	33.690895	2.0
-117.8575	33.690205	2.0
-117.84672	33.689518	2.0
-117.83593	33.688828	2.0
-117.82514	33.688137	2.0
-117.81546	33.68445	2.0
-117.806046	33.68002	2.0
-117.79663	33.675583	2.0
-117.787224	33.67115	2.0
-117.77781	33.666718	2.0
-117.7684	33.66228	2.0
-117.758995	33.657845	2.0
-117.74959	33.653408	2.0
-117.74018	33.64897	2.0
-117.73168	33.64352	2.0
-117.723915	33.63726	2.0
-117.71615	33.631	2.0
-117.70838	33.62474	2.0
-117.70062	33.61848	2.0
-117.692856	33.612217	2.0
-117.6851	33.605957	2.0
-117.67734	33.599693	2.0
#Puente Hills blind thrust (new) 1  Char
-117.8673	33.9269	5.0
-117.87814	33.92719	5.0
-117.888985	33.92748	5.0
-117.899826	33.92777	5.0
-117.91067	33.92806	5.0
-117.92151	33.928345	5.0
-117.93235	33.92863	5.0
-117.94319	33.928917	5.0
-117.95403	33.9292	5.0
-117.964874	33.92948	5.0
-117.975716	33.929764	5.0
-117.98656	33.930046	5.0
-117.9974	33.930325	5.0
-118.00824	33.930607	5.0
-118.01908	33.930885	5.0
-118.02992	33.93116	5.0
-118.040764	33.93144	5.0
-118.051315	33.933334	5.0
-118.06178	33.935696	5.0
-118.07225	33.938057	5.0
-118.08272	33.940414	5.0
-118.09319	33.942776	5.0
-118.10366	33.945133	5.0
-118.11413	33.94749	5.0
-118.1246	33.94985	5.0
-118.13507	33.952206	5.0
-118.14514	33.955215	5.0
-118.153534	33.96092	5.0
-118.16193	33.96662	5.0
-118.17033	33.972324	5.0
-118.17872	33.978024	5.0
-118.18712	33.983727	5.0
-118.19552	33.989426	5.0
-118.20392	33.995125	5.0
-118.21232	34.000824	5.0
-118.220726	34.006523	5.0
-118.229126	34.012222	5.0
-118.23753	34.01792	5.0
-118.24594	34.023617	5.0
-118.25435	34.029312	5.0
-118.26276	34.03501	5.0
-118.271164	34.040707	5.0
-118.27958	34.046402	5.0
-118.28799	34.052094	5.0
-118.2964	34.05779	5.0
#Cucamonga (bb.cucamonga) 1  Char
-117.4415	34.1804	0.0
-117.45053	34.175385	0.0
-117.46034	34.171673	0.0
-117.47066	34.168816	0.0
-117.48117	34.167088	0.0
-117.49205	34.167328	0.0
-117.502914	34.16767	0.0
-117.51379	34.16806	0.0
-117.52464	34.168587	0.0
-117.535484	34.169334	0.0
-117.54632	34.170082	0.0
-117.55716	34.17083	0.0
-117.567986	34.17173	0.0
-117.57651	34.16645	0.0
-117.58712	34.165375	0.0
-117.59798	34.16479	0.0
-117.608826	34.164207	0.0
-117.61968	34.163624	0.0
-117.63054	34.16304	0.0
-117.64025	34.159397	0.0
-117.64961	34.154816	0.0
-117.658966	34.15023	0.0
-117.668724	34.146297	0.0
-117.67874	34.1428	0.0
-117.68876	34.139297	0.0
-117.69878	34.1358	0.0
-117.70879	34.132298	0.0
-117.71881	34.128796	0.0
-117.72883	34.12529	0.0
#mtd-- 7-10  M=6.2 Char
-121.8229	37.7301	8.0
-121.83151	37.73598	8.0
-121.840126	37.741863	8.0
-121.84874	37.747746	8.0
-121.85736	37.753628	8.0
-121.865974	37.759506	8.0
-121.874596	37.76539	8.0
-121.88322	37.771267	8.0
-121.89184	37.777145	8.0
-121.90046	37.783024	8.0
-121.90909	37.7889	8.0
-121.91771	37.794777	8.0
-121.92634	37.80065	8.0
-121.93497	37.806526	8.0
-121.943596	37.8124	8.0
-121.95223	37.818275	8.0
-121.96086	37.82415	8.0
-121.9695	37.83002	8.0
-121.978134	37.83589	8.0
-121.98677	37.841766	8.0
-121.99541	37.847637	8.0
-122.00405	37.853504	8.0
-122.012695	37.859375	8.0
-122.02133	37.865246	8.0
-122.029976	37.871113	8.0
-122.03863	37.87698	8.0
#Sierra Madre-San Fernando (mp.sierramad-sf) 1  GR
-118.2951	34.2782	0.0
-118.30582	34.27658	0.0
-118.31653	34.274963	0.0
-118.327126	34.27609	0.0
-118.337685	34.278313	0.0
-118.348236	34.280537	0.0
-118.35879	34.282757	0.0
-118.36935	34.28498	0.0
-118.379906	34.2872	0.0
-118.39046	34.28942	0.0
-118.400185	34.29314	0.0
-118.40913	34.298283	0.0
-118.41807	34.30342	0.0
-118.428734	34.303097	0.0
-118.43914	34.30078	0.0
-118.44919	34.297302	0.0
-118.459236	34.293823	0.0
-118.468315	34.296856	0.0
-118.47705	34.302235	0.0
