evSegs
2_0
243
244
245
246
247
248
2_1
667
668
669
670
671
672
673
674
675
676
677
678
679
680
681
682
2_2
1461
5_0
69
5_1
696
697
698
699
700
701
702
703
704
705
706
707
708
7_0
547
7_1
549
550
551
552
553
8_0
15
16
12_0
193
194
14_0
240
241
14_1
365
366
16_0
237
17_0
10
11
12
13
14
15
16
17
18
19
20
19_0
548
24_0
959
25_0
15
16
25_1
1479
1480
1481
27_0
179
27_1
1447
1448
1449
30_0
39
30_1
190
191
192
193
194
32_0
272
273
32_1
832
33_0
14
15
36_0
357
37_0
1480
1481
39_0
1451
1452
39_1
1455
40_0
1477
41_0
10
11
12
13
14
15
16
17
18
19
20
21
41_1
762
763
46_0
827
828
48_0
1453
1454
49_0
481
49_1
492
493
494
49_2
601
602
49_3
1467
1468
1469
1470
1471
50_0
14
15
16
17
50_1
236
50_2
263
50_3
1451
1452
1453
1454
1455
1456
1457
1458
1459
1460
1461
1462
1463
1464
1465
1466
1467
1468
1469
1470
1471
1472
1473
1474
1475
1476
1477
1478
1479
1480
1481
50_4
1483
50_5
1486
53_0
468
469
470
58_0
564
565
58_1
624
625
626
627
628
629
630
631
632
58_2
1066
1067
60_0
757
60_1
1111
1112
62_0
810
62_1
817
62_2
1456
65_0
477
478
479
480
481
482
483
484
485
486
487
488
489
490
491
492
493
494
65_1
830
66_0
193
194
70_0
181
72_0
9
10
11
12
13
14
15
16
17
18
19
20
21
22
23
24
25
26
27
28
29
30
31
32
33
34
35
36
37
38
39
40
41
42
43
44
45
46
47
48
49
50
51
52
53
54
55
56
57
58
59
60
61
62
63
64
65
66
67
68
69
70
71
72
73
74
75
76
77
78
79
80
81
82
83
84
85
86
87
88
89
90
91
92
93
94
95
96
97
98
99
100
101
102
103
104
105
106
107
108
109
110
111
112
113
114
115
72_1
166
167
168
169
170
171
172
173
174
175
176
177
72_2
179
180
181
182
183
184
185
186
187
188
189
190
191
192
193
194
72_3
196
197
198
199
200
201
202
203
204
205
206
207
208
209
210
211
212
213
214
215
216
72_4
243
244
245
246
247
248
249
250
251
252
253
254
255
256
257
258
259
260
72_5
269
270
271
272
273
72_6
284
285
286
287
288
289
290
291
292
293
72_7
365
366
72_8
527
72_9
574
575
72_10
587
588
589
590
72_11
592
593
594
595
596
597
598
599
600
601
602
72_12
787
788
789
790
791
792
793
794
795
796
797
798
799
800
801
802
803
804
805
806
807
808
72_13
981
982
983
72_14
992
993
994
995
996
997
998
999
1000
1001
1002
1003
72_15
1056
72_16
1059
1060
72_17
1116
1117
1118
1119
72_18
1124
1125
72_19
1154
1155
72_20
1369
1370
72_21
1372
1373
1374
72_22
1376
72_23
1401
1402
1403
1404
1405
1406
1407
1408
1409
72_24
1485
75_0
243
244
245
246
247
248
249
250
251
252
253
254
255
256
257
258
259
260
76_0
179
79_0
180
83_0
148
83_1
188
83_2
634
635
84_0
1490
1491
1492
88_0
548
88_1
1461
89_0
149
89_1
196
197
198
199
200
201
202
203
204
205
206
207
208
209
210
211
212
213
214
215
216
217
218
219
220
221
222
223
224
225
226
227
228
229
230
231
232
233
234
235
236
237
238
239
240
241
89_2
243
244
245
246
247
248
249
250
251
252
253
254
255
256
257
258
259
260
89_3
373
89_4
964
98_0
363
98_1
549
102_0
179
102_1
209
210
211
212
213
214
215
102_2
675
676
102_3
810
811
812
813
102_4
1454
102_5
1489
104_0
13
14
15
16
17
18
19
104_1
38
106_0
232
107_0
193
194
109_0
1491
1492
117_0
14
15
117_1
190
117_2
192
119_0
815
119_1
1432
1433
1434
121_0
102
103
121_1
193
194
121_2
621
622
123_0
16
17
18
123_1
98
99
100
101
102
103
104
105
106
123_2
408
123_3
412
413
414
415
416
417
418
419
420
421
422
423
424
425
426
427
428
429
430
431
432
433
434
435
126_0
13
14
126_1
19
20
126_2
932
126_3
953
129_0
180
129_1
667
668
669
670
671
672
673
674
675
676
677
678
679
680
681
682
683
684
685
686
687
688
689
690
691
692
693
694
695
696
697
698
699
700
701
702
703
704
705
706
707
708
709
710
711
712
713
129_2
830
831
832
833
834
835
836
837
838
839
840
841
842
843
129_3
887
888
889
890
891
892
893
129_4
929
930
931
932
933
934
935
936
937
938
939
940
941
942
943
944
945
946
947
948
949
950
951
952
953
954
955
956
957
129_5
1167
1168
1169
1170
1171
1172
1173
1174
1175
1176
1177
129_6
1180
1181
129_7
1183
1184
1185
1186
1187
1188
1189
132_0
179
135_0
10
11
12
13
14
15
16
17
18
19
20
21
136_0
548
136_1
757
138_0
80
81
82
83
84
85
86
87
88
89
90
91
92
93
94
95
96
97
98
99
100
101
102
103
104
105
106
107
108
109
110
111
112
113
114
115
116
117
118
119
120
121
122
123
124
125
126
127
128
129
130
131
132
133
134
135
136
137
138
139
140
141
138_1
243
244
245
246
247
248
138_2
563
564
565
138_3
751
752
753
138_4
1106
1107
1108
1109
1110
1111
1112
141_0
190
191
192
193
194
143_0
105
106
143_1
337
338
143_2
1484
1485
143_3
1488
148_0
552
553
151_0
163
164
152_0
1459
154_0
10
11
12
13
14
15
16
17
18
19
20
21
154_1
116
154_2
127
128
129
130
131
132
133
134
135
136
137
138
139
140
141
142
143
144
145
146
147
148
149
150
151
152
153
154
154_3
171
172
173
174
175
176
177
154_4
230
231
232
233
234
235
236
237
238
239
240
241
154_5
247
248
249
250
154_6
342
343
154_7
750
154_8
1483
1484
154_9
1487
154_10
1489
159_0
549
550
159_1
555
164_0
266
267
167_0
91
92
93
94
95
96
97
98
99
100
101
102
103
104
105
106
107
167_1
124
125
126
167_2
196
197
198
199
200
201
202
168_0
14
15
16
169_0
166
167
168
169
170
171
172
173
174
175
176
177
169_1
179
180
181
182
183
184
185
186
187
188
189
190
191
192
193
194
169_2
249
250
251
252
253
254
255
256
257
258
259
260
261
262
263
264
265
266
267
169_3
977
978
979
980
981
982
983
169_4
1468
174_0
166
167
168
169
170
171
172
173
174
174_1
246
247
248
249
250
251
252
253
254
255
256
257
258
259
260
174_2
604
174_3
628
174_4
827
828
174_5
1451
1452
1453
1454
1455
1456
1457
1458
1459
1460
1461
1462
1463
1464
1465
1466
1467
1468
1469
1470
1471
1472
1473
1474
1475
1476
1477
1478
1479
1480
1481
174_6
1483
1484
1485
1486
1487
1488
1489
1490
1491
1492
174_7
1494
1495
1496
1497
1498
1499
177_0
459
460
177_1
533
534
535
177_2
567
180_0
10
11
12
13
14
15
16
17
18
19
20
21
185_0
284
285
286
287
288
185_1
1055
187_0
1371
189_0
556
189_1
570
571
572
191_0
100
101
102
103
104
105
191_1
536
537
538
191_2
765
766
767
768
194_0
155
194_1
185
194_2
196
197
198
199
194_3
782
783
784
785
786
787
788
789
790
194_4
895
896
897
898
899
900
901
902
903
904
905
906
907
908
909
910
911
912
913
914
915
916
917
918
919
920
921
922
923
924
925
926
927
194_5
1448
1449
197_0
13
14
15
16
17
18
19
20
197_1
163
164
199_0
193
194
199_1
544
199_2
1368
202_0
10
11
12
13
204_0
162
204_1
564
565
207_0
959
207_1
1006
1007
207_2
1037
208_0
284
285
286
287
288
289
290
210_0
345
346
347
210_1
571
572
210_2
619
620
621
622
215_0
1057
1058
217_0
10
11
12
13
14
15
16
17
18
19
20
21
217_1
192
193
194
217_2
546
547
548
217_3
559
560
561
562
563
564
565
217_4
629
220_0
363
220_1
1189
1190
1191
1192
1193
1194
1195
1196
1197
1198
1199
222_0
160
223_0
757
227_0
269
227_1
377
378
231_0
549
232_0
193
194
235_0
196
197
198
199
200
201
202
203
204
205
206
207
208
209
210
211
212
213
214
215
235_1
218
219
235_2
222
235_3
236
237
238
239
240
241
235_4
247
248
249
250
235_5
284
285
286
287
288
289
290
291
292
293
294
295
296
297
298
299
235_6
601
602
235_7
756
235_8
1217
236_0
550
236_1
552
553
236_2
631
632
238_0
179
240_0
762
763
764
765
766
767
768
769
770
771
772
773
774
775
776
777
240_1
886
240_2
1294
1295
1296
1297
1298
1299
1300
1301
1302
1303
1304
1305
1306
1307
240_3
1334
240_4
1336
1337
1338
1339
1340
1341
1342
244_0
567
244_1
960
246_0
10
11
12
13
14
15
16
17
18
19
20
21
22
23
246_1
123
248_0
604
248_1
724
725
726
727
728
729
730
731
732
733
250_0
190
191
192
193
194
250_1
234
250_2
1364
253_0
20
21
253_1
284
285
286
287
288
289
290
291
292
293
254_0
163
164
254_1
621
622
258_0
630
260_0
568
260_1
812
813
262_0
815
264_0
676
264_1
810
811
812
813
266_0
10
11
12
13
14
15
16
17
18
19
20
21
266_1
24
266_2
162
266_3
1178
268_0
193
194
268_1
1127
272_0
284
285
286
287
288
289
290
291
292
293
272_1
375
272_2
545
272_3
1362
1363
1364
1365
1366
1367
1368
274_0
704
705
706
707
708
709
710
711
712
713
714
715
716
717
718
719
720
721
722
723
724
725
726
727
274_1
1059
1060
274_2
1384
1385
1386
274_3
1388
1389
1390
1391
276_0
179
180
276_1
183
277_0
365
366
279_0
9
10
11
12
13
14
15
16
17
18
19
20
21
279_1
27
28
29
30
31
32
33
34
35
36
37
38
39
40
41
42
43
44
45
46
47
48
49
50
51
52
53
54
55
56
57
58
59
60
61
62
63
64
65
66
67
68
69
70
71
72
73
74
75
76
77
78
79
80
81
82
83
84
85
86
87
88
89
90
91
92
93
94
95
96
97
98
99
100
101
102
103
104
105
106
107
108
109
110
111
112
113
114
115
116
117
118
119
120
121
122
123
124
125
126
127
128
129
130
131
132
133
134
135
136
137
138
139
140
141
142
143
144
145
146
147
148
149
150
151
152
153
154
155
156
157
158
159
160
161
162
163
164
279_2
166
167
168
169
170
171
172
173
174
175
176
177
279_3
179
180
181
182
183
184
185
186
279_4
190
191
192
193
194
279_5
196
197
279_6
229
279_7
246
247
248
249
250
251
252
253
254
255
256
257
258
259
260
279_8
345
279_9
348
279_10
462
279_11
468
469
470
471
279_12
477
478
479
480
481
482
483
484
485
279_13
533
534
279_14
544
545
279_15
549
550
551
552
553
279_16
555
556
557
558
559
560
561
562
563
564
565
279_17
567
568
569
570
571
572
279_18
592
279_19
624
279_20
627
279_21
667
668
669
670
671
672
673
674
675
676
677
678
679
680
681
682
683
684
685
686
687
688
689
690
691
692
693
694
695
696
697
698
699
700
701
702
703
704
705
706
707
708
709
710
711
712
713
714
715
716
717
718
719
720
721
722
723
724
725
726
727
728
729
730
731
732
733
279_22
737
738
739
740
741
742
743
744
745
279_23
755
756
757
758
759
760
279_24
762
763
764
765
766
767
768
769
770
771
772
773
774
775
776
777
778
779
780
781
782
783
784
785
786
787
788
789
790
791
792
793
794
795
796
797
798
799
800
801
802
279_25
815
816
817
818
819
820
821
822
823
824
825
826
827
828
279_26
845
846
847
848
849
850
851
852
853
854
855
856
857
858
859
860
861
862
863
864
279_27
977
978
979
980
981
982
983
279_28
985
279_29
1001
1002
1003
1004
1005
279_30
1071
279_31
1085
1086
1087
279_32
1096
1097
1098
1099
1100
1101
1102
1103
1104
279_33
1167
1168
1169
1170
1171
1172
1173
1174
279_34
1183
1184
1185
1186
1187
1188
279_35
1201
1202
1203
1204
1205
1206
1207
1208
1209
1210
279_36
1228
1229
1230
1231
1232
1233
1234
1235
1236
1237
1238
279_37
1272
279_38
1282
279_39
1333
279_40
1407
1408
1409
1410
1411
279_41
1433
1434
280_0
9
10
11
12
13
14
15
16
17
18
19
20
21
22
23
24
25
26
27
28
29
30
31
32
33
34
35
36
37
38
39
40
41
42
43
44
45
46
47
48
49
50
51
52
53
54
55
280_1
126
280_2
166
167
168
169
170
171
172
173
174
175
176
177
280_3
185
186
187
188
189
190
191
192
193
194
285_0
263
287_0
546
287_1
1154
1155
290_0
803
804
805
806
807
808
293_0
574
575
293_1
1479
1480
1481
295_0
56
298_0
974
975
298_1
1451
307_0
235
307_1
652
309_0
16
17
309_1
1459
310_0
15
16
310_1
547
311_0
17
18
19
20
21
312_0
1477
1478
1479
313_0
10
11
12
13
14
15
16
313_1
1454
313_2
1457
318_0
17
18
318_1
193
194
320_0
31
320_1
592
320_2
1456
321_0
631
632
321_1
1491
1492
326_0
272
273
329_0
333
334
329_1
336
331_0
269
331_1
670
671
332_0
363
333_0
10
11
12
13
14
15
16
17
18
19
20
21
333_1
601
602
336_0
574
575
576
577
578
337_0
271
337_1
1455
339_0
243
244
245
246
247
248
341_0
604
605
342_0
193
194
345_0
192
345_1
243
244
245
246
247
248
249
345_2
337
338
345_3
749
345_4
752
753
345_5
1451
1452
1453
1454
1455
1456
1457
1458
1459
1460
1461
1462
1463
1464
1465
1466
1467
1468
1469
1470
1471
1472
1473
1474
1475
1476
1477
1478
1479
1480
1481
348_0
193
194
351_0
306
351_1
606
351_2
662
663
664
665
356_0
179
356_1
548
360_0
196
197
198
199
200
201
202
203
204
205
206
207
208
360_1
285
286
287
288
289
290
360_2
672
673
674
362_0
10
11
12
13
14
15
16
17
18
19
20
21
364_0
544
368_0
459
460
461
369_0
190
191
369_1
193
194
375_0
243
244
245
246
247
248
375_1
621
622
375_2
750
375_3
1006
1007
378_0
571
572
380_0
10
11
12
13
14
15
16
17
18
19
20
21
380_1
24
380_2
284
285
286
287
288
289
290
291
292
293
380_3
1055
380_4
1491
1492
384_0
529
530
531
384_1
1058
386_0
190
191
192
193
194
386_1
364
386_2
604
389_0
1432
391_0
284
285
286
287
288
289
290
291
292
293
294
295
391_1
474
475
391_2
1050
1051
1052
1053
391_3
1055
1056
1057
1058
1059
1060
393_0
631
632
396_0
179
399_0
634
635
402_0
13
14
15
16
17
18
19
20
402_1
234
402_2
1488
1489
1490
1491
1492
403_0
239
240
241
405_0
1157
1158
407_0
80
81
82
83
84
85
86
87
88
89
90
91
92
93
94
95
96
97
98
99
100
101
102
103
104
105
106
107
108
109
407_1
172
173
174
175
176
177
407_2
196
197
198
199
200
201
202
203
204
205
206
207
208
209
210
211
212
213
214
215
216
217
218
219
220
221
222
223
224
225
226
227
228
229
230
231
232
233
234
235
236
237
238
239
240
241
407_3
243
244
245
246
247
248
249
250
251
252
253
254
255
256
257
258
259
260
407_4
269
270
271
272
273
407_5
283
284
285
286
287
407_6
323
324
325
326
327
328
329
330
331
332
333
334
335
336
337
338
407_7
359
407_8
377
378
407_9
459
460
407_10
471
472
473
474
475
407_11
493
494
407_12
521
522
523
524
525
526
527
528
407_13
533
534
535
536
537
538
539
540
541
542
407_14
544
545
546
547
548
407_15
555
556
407_16
661
407_17
959
960
961
962
963
964
965
407_18
981
982
983
407_19
999
1000
407_20
1027
1028
407_21
1034
1035
407_22
1093
1094
407_23
1288
407_24
1454
408_0
180
414_0
1447
1448
1449
415_0
1483
416_0
10
11
12
13
14
15
16
17
18
19
20
418_0
14
15
418_1
179
418_2
187
418_3
1428
1429
1430
419_0
239
422_0
1455
425_0
601
602
428_0
18
19
428_1
191
192
193
194
428_2
571
572
428_3
642
643
644
645
646
647
648
649
650
430_0
346
430_1
365
366
430_2
549
550
430_3
600
432_0
567
433_0
796
797
798
799
800
801
802
803
804
805
806
807
808
433_1
1354
436_0
9
10
11
12
13
14
15
16
17
18
19
20
21
22
23
24
436_1
492
493
494
436_2
667
668
669
670
671
672
673
674
675
676
677
678
679
680
681
682
683
684
685
686
687
688
689
690
691
692
693
694
695
696
697
698
699
436_3
889
436_4
1383
1384
439_0
363
444_0
1452
446_0
9
10
11
12
13
14
15
16
17
18
19
20
21
22
23
24
25
26
27
28
29
30
31
32
33
34
35
36
37
38
39
40
41
42
43
44
45
46
47
48
49
50
51
52
53
54
55
56
57
58
59
60
61
62
63
64
65
66
67
68
69
70
71
72
73
74
75
76
77
78
79
80
81
82
83
84
85
86
87
88
89
90
91
92
93
94
95
96
97
98
99
100
101
102
103
104
105
106
107
108
109
110
111
112
113
114
115
116
117
118
119
120
121
122
123
124
125
126
127
128
129
130
131
132
133
134
135
136
137
138
139
446_1
163
164
446_2
196
197
198
199
200
201
202
203
204
205
206
207
208
209
210
211
212
213
214
215
446_3
221
446_4
244
245
246
247
248
249
250
251
252
253
254
255
256
257
258
259
260
261
262
263
264
446_5
284
285
286
287
288
289
290
291
292
293
446_6
296
446_7
482
446_8
528
529
446_9
587
588
589
590
446_10
592
593
594
595
596
597
598
599
600
601
602
446_11
641
446_12
683
684
685
686
446_13
997
998
999
1000
1001
1002
446_14
1088
446_15
1116
1117
1118
1119
1120
1121
1122
1123
1124
1125
446_16
1371
446_17
1380
1381
446_18
1401
1402
1403
1404
1405
1406
1407
1408
1409
446_19
1461
448_0
974
975
448_1
1471
1472
1473
1474
1475
1476
1477
1478
1479
1480
1481
452_0
451
452
453
454
455
456
457
455_0
30
455_1
92
93
94
95
96
97
98
99
100
101
102
103
104
105
106
107
455_2
243
244
245
246
247
248
456_0
166
167
168
169
170
171
172
173
174
175
176
177
456_1
179
180
181
182
183
184
185
186
187
188
189
190
191
192
193
194
456_2
233
456_3
243
244
245
246
247
248
249
250
251
252
253
254
255
256
257
258
259
260
456_4
265
266
267
456_5
963
964
456_6
966
456_7
980
981
982
983
456_8
1451
1452
1453
1454
1455
1456
1457
1458
1459
1460
1461
1462
1463
1464
1465
1466
1467
1468
1469
1470
1471
1472
1473
1474
1475
1476
456_9
1483
1484
1485
1486
1487
1488
1489
1490
1491
1492
460_0
468
460_1
842
843
462_0
243
244
245
246
247
248
462_1
320
321
322
462_2
340
341
342
343
467_0
621
622
468_0
111
112
113
114
115
116
117
118
119
468_1
735
736
468_2
762
763
764
765
766
767
768
769
770
771
772
773
774
469_0
266
267
469_1
564
565
469_2
624
625
626
627
628
629
630
631
632
469_3
634
635
636
637
638
639
640
641
642
643
469_4
1052
1053
474_0
243
244
245
246
247
248
474_1
869
478_0
14
15
483_0
574
575
483_1
929
488_0
10
11
12
13
14
15
16
17
18
19
20
21
488_1
347
490_0
374
491_0
13
14
15
16
494_0
193
194
494_1
364
496_0
240
241
499_0
196
197
501_0
117
118
119
120
121
122
123
124
125
126
127
128
129
501_1
184
185
501_2
239
501_3
620
501_4
755
501_5
757
758
759
760
503_0
571
572
503_1
630
631
632
504_0
179
504_1
184
506_0
10
11
12
13
14
15
16
17
18
19
507_0
160
507_1
162
163
164
509_0
664
665
509_1
1432
513_0
576
513_1
1062
516_0
1480
1481
517_0
14
15
517_1
345
346
347
348
517_2
493
494
517_3
529
530
531
517_4
550
551
552
553
517_5
555
517_6
557
558
517_7
567
568
569
570
571
572
517_8
830
517_9
995
996
518_0
193
194
522_0
192
522_1
285
286
287
288
289
290
291
292
293
522_2
768
769
770
771
772
773
774
775
776
777
778
779
780
781
782
783
784
785
786
787
788
789
790
791
792
793
794
795
796
797
798
799
800
801
802
522_3
1065
1066
1067
524_0
752
753
525_0
102
103
104
525_1
196
197
198
199
200
528_0
10
11
12
13
14
15
16
17
18
19
20
21
529_0
163
164
529_1
549
530_0
959
530_1
1436
1437
1438
533_0
15
16
17
535_0
80
81
82
83
84
85
86
87
88
89
90
91
92
93
94
95
96
97
98
99
100
101
102
103
104
105
106
107
108
109
110
111
112
113
114
115
116
117
118
119
120
535_1
130
535_2
196
535_3
198
199
200
201
202
203
204
205
535_4
243
244
245
246
247
248
249
535_5
348
349
350
351
535_6
353
535_7
356
357
358
359
360
361
362
363
364
365
366
535_8
368
369
370
371
535_9
373
374
375
376
377
378
535_10
380
535_11
477
535_12
551
535_13
556
557
558
559
560
561
562
563
564
565
535_14
567
535_15
604
605
606
607
608
609
610
611
612
613
614
615
616
617
618
619
620
621
622
535_16
1007
1008
1009
1010
535_17
1032
1033
535_18
1157
1158
1159
535_19
1163
536_0
193
194
537_0
13
14
15
539_0
1479
542_0
179
180
181
182
183
184
185
186
542_1
243
244
245
246
247
248
249
542_2
803
804
805
806
807
808
544_0
191
192
546_0
1179
548_0
159
548_1
762
763
764
765
766
767
768
769
770
771
772
773
774
775
776
777
778
779
780
781
782
783
784
785
786
787
788
789
790
791
792
793
794
795
796
797
798
799
800
801
802
803
804
805
806
807
808
548_2
1451
549_0
192
549_1
1477
1478
1479
1480
1481
551_0
10
11
12
13
14
15
16
17
18
19
20
21
551_1
220
551_2
232
233
234
235
236
237
238
239
240
241
551_3
246
247
248
249
554_0
892
893
557_0
15
16
557_1
627
558_0
193
194
560_0
496
497
498
499
563_0
389
563_1
459
460
461
462
463
464
465
466
563_2
1452
565_0
236
568_0
865
866
867
868
869
870
871
872
873
874
875
876
568_1
956
957
568_2
1470
1471
1472
1473
1474
1475
1476
1477
1478
1479
1480
1481
570_0
10
11
12
13
14
15
16
17
18
19
20
21
570_1
1413
1414
573_0
161
573_1
675
676
677
573_2
810
811
812
813
574_0
163
164
574_1
240
241
575_0
27
28
577_0
9
10
11
12
13
14
15
16
17
18
19
20
21
577_1
29
30
31
32
33
34
35
36
37
38
39
40
41
42
43
44
45
46
47
48
49
50
51
52
53
54
55
56
57
58
577_2
390
391
577_3
518
519
520
521
522
523
524
525
577_4
533
534
577_5
574
575
576
577
578
579
580
581
582
577_6
1369
1370
1371
1372
1373
1374
579_0
192
193
194
579_1
972
581_0
190
191
192
584_0
230
231
584_1
254
255
256
257
258
259
260
261
262
263
264
265
266
267
584_2
345
584_3
1463
1464
1465
1466
586_0
571
572
589_0
549
592_0
59
592_1
347
592_2
354
592_3
1037
592_4
1127
594_0
631
632
595_0
162
596_0
193
194
597_0
10
11
12
13
14
15
16
17
18
19
20
21
597_1
1483
599_0
179
599_1
468
601_0
1454
605_0
239
610_0
80
81
82
83
84
85
86
87
88
89
90
91
92
93
94
95
96
97
98
99
100
101
102
103
104
105
106
107
108
109
110
111
112
113
114
115
116
117
118
119
120
121
122
123
124
125
126
127
128
129
130
131
132
133
134
135
136
137
138
139
140
141
142
143
144
145
146
147
148
149
150
151
152
153
154
155
156
157
158
159
160
161
162
163
164
610_1
166
167
168
169
170
171
172
173
174
175
176
177
610_2
196
197
198
199
200
201
202
203
204
205
206
207
208
209
610_3
246
247
248
249
250
251
252
253
254
255
256
257
258
259
260
610_4
477
610_5
567
568
569
610_6
583
610_7
667
668
669
670
671
672
673
674
675
676
677
678
679
680
681
682
683
684
685
686
687
688
689
690
691
692
693
694
695
696
697
698
699
700
701
702
703
704
705
706
707
708
709
710
711
712
713
714
715
716
717
718
719
720
721
722
723
724
725
726
727
728
729
730
731
732
733
610_8
1185
1186
1187
1188
1189
1190
1191
1192
1193
1194
1195
1196
1197
1198
1199
610_9
1251
1252
1253
1254
1255
1256
1257
1258
1259
1260
1261
1262
1263
1264
1265
1266
610_10
1273
610_11
1383
1384
1385
1386
610_12
1388
1389
1390
1391
611_0
13
14
15
16
611_1
181
615_0
17
18
615_1
842
843
619_0
193
194
619_1
240
241
623_0
1451
1452
1453
1454
1455
1456
1457
1458
1459
1460
1461
1462
1463
1464
1465
1466
1467
1468
1469
1470
1471
1472
1473
1474
1475
1476
1477
1478
1479
1480
1481
628_0
10
11
12
13
14
15
16
17
18
19
20
21
628_1
929
930
630_0
552
553
634_0
243
244
245
246
247
634_1
534
535
634_2
584
585
586
587
588
589
590
634_3
1062
1063
634_4
1092
636_0
179
180
181
636_1
190
191
192
193
194
642_0
346
347
642_1
423
424
642_2
480
481
482
483
484
642_3
567
568
569
570
571
572
642_4
640
641
642
643
644
645
646
647
648
649
650
642_5
652
653
654
655
656
657
658
659
660
661
662
663
664
665
642_6
830
642_7
1063
1064
643_0
477
478
479
643_1
482
643_2
548
549
646_0
1145
647_0
179
649_0
182
650_0
13
14
15
16
17
18
19
20
653_0
601
602
654_0
549
658_0
932
658_1
1029
1030
660_0
9
10
11
12
13
14
15
16
17
18
19
20
21
22
23
24
25
26
27
28
29
30
31
32
33
34
35
36
37
38
39
40
41
42
43
44
45
46
47
48
49
50
51
52
53
54
55
56
57
58
59
60
61
62
63
64
65
66
67
68
69
70
71
72
73
74
75
76
77
78
79
80
81
82
83
84
85
86
87
88
89
90
91
92
93
94
95
96
97
98
99
100
101
102
103
104
105
106
107
108
109
110
111
112
113
114
115
116
117
118
119
120
121
122
123
124
125
126
127
128
129
130
131
132
133
134
135
136
137
138
139
140
141
142
143
144
145
146
147
148
149
150
151
660_1
166
167
168
169
170
171
172
173
174
175
176
177
660_2
179
180
181
182
183
184
185
186
187
188
189
190
191
192
193
194
660_3
196
197
198
199
200
201
202
203
204
205
206
207
208
209
210
211
212
213
214
215
216
217
218
219
220
221
222
223
224
225
226
227
228
229
230
231
232
233
234
235
236
237
238
239
240
241
660_4
243
244
245
246
247
248
249
250
251
252
253
254
255
256
257
258
259
260
261
262
263
264
265
266
267
660_5
272
273
660_6
284
285
286
287
288
289
290
291
292
293
294
295
296
297
298
299
300
301
302
303
304
305
306
307
308
309
310
311
312
313
314
315
316
317
318
319
320
321
322
323
324
325
326
327
328
329
330
331
332
333
334
335
336
337
338
660_7
391
392
660_8
429
660_9
437
438
660_10
477
478
479
480
481
482
483
484
485
486
487
488
489
490
491
492
493
494
660_11
496
497
498
499
500
501
502
503
504
505
506
507
508
509
510
511
512
513
514
515
516
517
518
519
520
521
522
523
524
525
526
527
528
529
530
531
660_12
533
534
535
536
537
538
539
540
541
542
660_13
544
545
546
547
548
660_14
550
551
552
553
660_15
555
556
557
558
559
660_16
574
575
576
577
578
579
580
581
582
583
584
585
586
587
588
589
590
660_17
592
593
594
595
596
597
598
599
600
601
602
660_18
624
625
626
627
628
629
630
631
632
660_19
755
756
757
758
759
760
660_20
762
763
764
765
766
767
768
769
660_21
848
849
850
851
852
660_22
856
660_23
961
660_24
969
660_25
974
975
660_26
977
978
979
980
981
982
983
660_27
992
993
994
995
996
997
998
999
1000
1001
1002
1003
1004
1005
1006
660_28
1015
1016
1017
660_29
1049
660_30
1062
1063
1064
1065
1066
1067
660_31
1079
1080
1081
1082
1083
660_32
1085
660_33
1089
1090
660_34
1116
1117
1118
1119
1120
1121
1122
1123
1124
1125
660_35
1127
1128
1129
1130
1131
1132
1133
1134
1135
1136
1137
1138
1139
1140
1141
660_36
1143
1144
1145
1146
1147
1148
1149
1150
1151
1152
1153
1154
1155
660_37
1285
1286
1287
660_38
1329
660_39
1362
1363
1364
1365
1366
1367
1368
1369
1370
660_40
1372
1373
1374
660_41
1401
1402
1403
1404
1405
1406
1407
1408
1409
1410
1411
660_42
1447
1448
1449
660_43
1452
660_44
1461
660_45
1467
660_46
1472
1473
664_0
152
664_1
179
669_0
544
674_0
1451
1452
675_0
1483
679_0
134
679_1
137
683_0
284
285
286
287
288
289
290
291
292
293
683_1
929
683_2
1484
683_3
1488
684_0
1455
684_1
1491
1492
685_0
1490
689_0
1322
1323
1324
689_1
1326
1327
1328
1329
1330
1331
1332
689_2
1335
689_3
1343
689_4
1349
1350
1351
1352
1353
1354
1355
692_0
959
960
961
962
963
964
965
966
967
968
969
970
971
972
973
974
975
692_1
1451
692_2
1463
1464
1465
1466
692_3
1485
692_4
1487
694_0
10
11
12
13
14
15
16
17
18
19
20
21
697_0
549
697_1
560
561
562
563
564
565
697_2
569
570
571
572
699_0
752
753
699_1
1480
1481
704_0
179
705_0
193
194
708_0
138
708_1
284
285
286
287
288
289
290
291
292
293
708_2
425
426
427
428
429
430
431
432
433
434
435
436
437
438
439
440
441
442
443
444
445
446
447
448
449
450
451
452
453
454
455
456
457
712_0
13
14
15
16
17
18
713_0
269
717_0
1464
717_1
1466
1467
1468
1469
1470
1471
1472
1473
1474
1475
1476
1477
1478
1479
1480
1481
717_2
1483
1484
1485
1486
1487
1488
1489
1490
1491
1492
720_0
560
720_1
571
572
728_0
191
192
193
194
728_1
1451
1452
1453
1454
1455
1456
1457
1458
1459
1460
1461
1462
1463
1464
1465
1466
1467
1468
1469
1470
1471
1472
1473
1474
1475
1476
1477
1478
1479
1480
1481
728_2
1483
730_0
284
285
286
287
288
289
290
291
292
293
730_1
1476
732_0
14
15
16
17
18
19
20
21
732_1
179
732_2
604
732_3
845
734_0
10
11
12
13
14
15
16
17
734_1
104
105
106
107
738_0
102
103
104
743_0
1056
745_0
474
475
745_1
1432
1433
1434
747_0
198
199
747_1
468
469
470
748_0
196
197
749_0
199
200
201
750_0
98
99
100
101
102
103
751_0
103
104
751_1
193
194
751_2
380
381
382
383
384
385
386
387
388
389
390
391
392
393
394
751_3
470
751_4
549
752_0
10
11
12
13
14
15
16
17
18
19
20
21
754_0
827
828
757_0
621
622
757_1
841
842
843
758_0
1477
763_0
568
764_0
14
15
16
17
18
19
20
764_1
196
197
198
199
200
201
202
203
204
205
206
207
208
209
210
211
212
213
214
764_2
284
285
286
287
288
289
290
291
292
293
764_3
1359
1360
767_0
564
565
770_0
80
81
82
83
84
85
86
87
88
89
90
91
92
93
94
95
96
97
98
99
100
101
102
103
104
105
106
107
108
109
110
111
112
113
114
115
116
117
118
119
120
121
122
123
124
125
126
127
128
129
130
131
132
133
134
135
136
137
138
139
140
770_1
163
164
770_2
172
173
174
175
176
177
770_3
179
180
181
770_4
459
770_5
567
770_6
746
747
748
749
750
751
752
753
770_7
1019
1020
1021
770_8
1027
770_9
1305
770_10
1358
771_0
15
16
774_0
190
191
192
193
194
776_0
555
556
557
558
559
560
561
562
563
564
565
776_1
1086
776_2
1088
781_0
852
853
783_0
193
194
784_0
345
346
784_1
348
349
350
351
784_2
567
568
569
570
571
572
784_3
1003
1004
1005
1006
1007
1008
786_0
10
11
12
13
14
15
16
17
18
19
20
21
786_1
815
791_0
680
681
682
683
684
685
686
687
688
689
791_1
830
831
832
833
834
835
836
837
838
839
840
841
842
843
791_2
871
872
873
874
875
876
877
878
879
880
881
882
883
884
885
886
887
888
889
890
891
892
893
791_3
949
950
951
952
953
954
955
956
957
791_4
1439
1440
1441
1442
1443
1444
1445
796_0
1458
799_0
549
799_1
868
869
870
804_0
269
804_1
1055
807_0
191
192
193
194
808_0
10
11
12
13
14
15
16
17
18
19
809_0
285
286
287
288
289
290
291
292
293
812_0
544
812_1
1359
1360
813_0
1480
1481
817_0
72
73
74
75
76
77
78
79
80
81
82
83
84
85
86
87
88
89
90
91
92
93
94
95
96
97
98
99
100
101
102
103
104
105
106
107
817_1
110
111
112
113
114
115
116
117
118
119
120
121
122
123
124
125
126
127
128
129
130
131
132
133
134
135
136
137
138
139
140
141
142
143
144
145
146
147
148
149
150
151
152
153
154
155
156
157
158
159
160
161
162
163
164
817_2
166
167
168
169
170
171
172
173
174
175
176
177
817_3
196
197
198
199
200
201
817_4
454
455
456
457
817_5
533
534
817_6
667
668
669
670
671
672
673
674
675
676
677
678
679
680
681
682
683
684
685
686
687
688
689
690
691
692
693
694
695
696
697
698
699
700
701
702
703
704
705
706
707
708
709
710
711
712
713
714
715
716
717
718
719
720
721
722
723
724
725
726
727
728
729
730
731
732
733
817_7
745
817_8
755
756
817_9
758
759
760
817_10
845
846
847
848
849
850
851
852
853
854
855
856
857
858
859
860
861
862
863
864
865
866
867
817_11
929
930
931
932
933
934
935
936
937
938
939
940
941
942
943
944
945
946
947
948
817_12
992
993
817_13
1059
1060
817_14
1091
817_15
1356
1357
817_16
1379
817_17
1432
1433
1434
817_18
1476
1477
1478
1479
1480
1481
824_0
556
824_1
604
605
825_0
9
10
11
12
13
14
15
16
17
18
19
20
21
22
829_0
1093
1094
832_0
193
194
834_0
631
632
838_0
477
842_0
240
241
842_1
364
365
366
844_0
757
847_0
179
849_0
574
850_0
1476
1477
855_0
14
15
16
855_1
190
191
192
193
194
867_0
10
11
12
13
14
15
16
17
18
19
20
21
868_0
166
167
168
169
170
171
172
173
174
175
176
177
868_1
179
180
181
182
183
184
185
868_2
269
270
271
272
273
868_3
604
868_4
606
872_0
549
550
874_0
196
197
198
199
200
201
202
203
204
205
206
207
874_1
285
286
287
288
875_0
193
194
877_0
552
553
879_0
353
879_1
621
622
879_2
955
879_3
1451
882_0
624
882_1
762
763
764
765
766
767
768
769
770
771
772
773
774
775
776
884_0
1483
1484
1485
887_0
985
888_0
11
12
13
14
15
16
17
18
19
20
21
890_0
284
285
286
287
288
289
290
291
292
890_1
540
541
542
895_0
23
895_1
473
474
475
896_0
1469
1470
1471
1472
1473
1474
1475
1476
1477
1478
1479
1480
1481
898_0
547
548
898_1
555
898_2
815
899_0
188
189
190
191
192
193
194
901_0
347
905_0
544
905_1
1477
908_0
284
285
286
287
288
289
290
291
292
293
908_1
360
908_2
1055
1056
1057
1058
1059
1060
908_3
1194
1195
1196
1197
1198
1199
908_4
1263
908_5
1317
1318
1319
908_6
1322
908_7
1328
1329
1330
1331
1332
1333
1334
1335
1336
908_8
1371
910_0
1454
913_0
385
913_1
459
460
461
462
463
464
465
466
913_2
1491
1492
918_0
127
918_1
239
240
241
919_0
571
572
921_0
9
10
11
12
13
14
15
16
17
18
19
20
21
22
23
24
25
26
27
28
29
921_1
89
90
91
92
93
94
95
96
97
98
99
100
101
102
103
104
105
106
107
108
109
110
921_2
196
197
198
199
200
201
202
203
204
205
206
207
208
209
210
211
212
213
214
215
921_3
353
354
355
356
357
358
359
360
361
362
363
364
921_4
382
921_5
551
921_6
570
571
572
921_7
619
620
621
622
921_8
986
921_9
989
990
921_10
1012
1013
1014
921_11
1019
1020
1021
921_12
1033
1034
1035
921_13
1164
1165
925_0
237
927_0
191
192
193
194
927_1
757
929_0
240
241
931_0
631
632
933_0
166
167
168
169
170
171
172
173
174
175
176
177
933_1
190
933_2
243
244
245
246
247
933_3
286
287
288
289
290
291
292
293
294
933_4
337
338
933_5
346
933_6
544
545
546
933_7
549
933_8
556
933_9
627
628
629
630
631
632
933_10
827
828
933_11
1085
933_12
1091
1092
933_13
1096
933_14
1451
1452
1453
1454
1455
1456
1457
1458
1459
1460
1461
1462
1463
1464
1465
1466
1467
1468
1469
1470
1471
1472
1473
1474
1475
1476
1477
1478
1479
1480
1481
933_15
1486
1487
933_16
1494
1495
1496
1497
1498
1499
939_0
380
939_1
477
478
941_0
731
943_0
14
15
16
943_1
179
943_2
192
193
194
943_3
789
790
791
792
793
794
795
796
797
798
799
800
801
802
803
804
805
806
807
808
943_4
1106
945_0
10
11
12
13
14
15
16
17
18
19
20
21
22
945_1
30
948_0
810
951_0
149
951_1
159
160
951_2
592
953_0
347
953_1
381
953_2
383
953_3
550
551
552
553
953_4
567
568
569
570
571
572
953_5
624
625
626
954_0
78
954_1
186
187
954_2
546
954_3
735
959_0
9
10
11
12
13
14
15
16
17
18
19
20
21
959_1
24
959_2
27
28
29
30
31
32
33
34
35
36
37
38
39
40
41
42
43
44
45
46
47
48
49
50
51
52
53
54
55
56
57
58
59
60
61
62
63
64
65
66
67
68
69
70
71
72
73
74
75
76
77
78
79
80
81
82
83
84
85
86
87
88
89
90
91
92
93
94
95
96
97
98
99
100
101
102
103
104
105
106
107
108
109
959_3
116
959_4
196
197
198
199
200
201
202
203
204
205
206
207
208
209
210
211
212
213
214
215
959_5
243
244
245
246
247
248
959_6
281
282
283
284
285
286
287
288
289
290
291
292
293
294
295
296
297
298
299
300
301
302
303
304
305
959_7
474
475
959_8
533
534
535
959_9
552
553
959_10
559
959_11
562
959_12
564
565
959_13
604
605
606
607
608
609
610
611
612
613
614
615
616
617
618
619
620
621
622
959_14
762
763
764
765
766
767
768
769
770
771
772
773
774
775
776
777
778
779
780
781
782
783
784
785
786
787
788
789
790
959_15
994
995
996
959_16
1069
959_17
1092
1093
1094
959_18
1106
1107
1108
1109
1110
1111
1112
959_19
1116
1117
959_20
1368
959_21
1370
963_0
187
963_1
191
192
966_0
193
194
967_0
163
164
970_0
156
970_1
190
970_2
192
970_3
275
971_0
548
974_0
9
10
11
12
13
14
15
16
17
18
19
20
21
22
23
24
25
26
27
974_1
1362
976_0
28
978_0
179
180
983_0
193
194
986_0
173
174
175
176
177
986_1
243
244
245
246
247
248
986_2
284
285
286
287
288
289
290
291
292
293
988_0
181
988_1
1491
1492
989_0
119
991_0
180
991_1
985
992_0
1447
1448
1449
995_0
188
995_1
191
192
193
194
995_2
266
267
995_3
447
448
449
450
451
452
453
454
455
456
457
995_4
478
995_5
953
997_0
549
550
998_0
627
1001_0
870
1005_0
9
10
11
12
13
14
15
16
17
18
19
20
21
22
1005_1
1413
1009_0
190
191
1012_0
48
49
50
51
52
53
54
55
56
57
58
59
60
61
62
63
64
65
66
67
68
69
70
71
72
73
74
75
76
77
78
79
80
81
82
83
84
85
86
87
88
89
90
91
92
93
94
95
96
97
98
99
100
101
102
103
104
105
106
107
108
109
110
111
112
113
114
115
116
117
118
119
120
121
122
123
124
125
126
127
128
129
130
131
132
133
134
135
136
137
138
139
140
141
142
143
144
145
146
147
148
149
150
151
152
153
154
155
156
157
158
159
160
161
162
163
164
1012_1
166
167
168
169
170
171
172
173
174
175
176
177
1012_2
179
180
181
182
183
184
185
186
187
188
189
190
191
192
193
194
1012_3
196
197
198
199
200
201
202
1012_4
216
1012_5
223
224
225
226
227
228
229
230
231
232
233
234
235
236
237
238
239
240
241
1012_6
246
247
248
249
250
251
252
253
254
255
256
257
258
259
260
1012_7
262
1012_8
265
266
267
1012_9
284
285
286
287
288
289
290
291
292
1012_10
319
1012_11
328
329
330
331
332
333
334
335
336
337
338
1012_12
365
366
1012_13
373
1012_14
406
407
408
409
410
411
412
413
414
415
416
417
418
419
420
421
422
423
424
425
426
427
428
429
430
431
432
433
434
435
436
437
438
439
440
441
442
443
444
445
446
447
448
449
450
451
452
1012_15
462
1012_16
468
469
470
471
472
473
474
475
1012_17
490
491
492
493
494
1012_18
529
530
531
1012_19
536
537
538
539
540
541
542
1012_20
555
556
557
558
559
560
561
562
563
564
565
1012_21
589
590
1012_22
592
1012_23
601
602
1012_24
667
668
669
670
671
672
673
674
675
676
677
678
679
680
681
682
683
684
685
686
687
688
689
690
691
692
693
694
695
696
697
698
699
700
701
702
703
704
705
706
707
708
709
710
711
712
713
714
715
716
717
718
719
720
721
722
723
724
725
726
727
728
729
730
731
732
733
1012_25
755
756
757
758
759
760
1012_26
923
1012_27
977
978
979
980
981
982
983
1012_28
985
986
987
988
989
990
1012_29
994
995
996
1012_30
1006
1007
1012_31
1045
1012_32
1087
1088
1089
1090
1091
1012_33
1260
1012_34
1264
1012_35
1268
1269
1270
1271
1272
1273
1274
1275
1276
1277
1278
1279
1280
1281
1282
1283
1284
1285
1286
1012_36
1363
1012_37
1421
1422
1423
1424
1425
1426
1427
1428
1429
1430
1012_38
1439
1012_39
1443
1444
1445
1017_0
871
1017_1
873
1017_2
1480
1481
1020_0
1484
1023_0
9
10
11
12
13
14
15
16
17
18
19
20
21
1023_1
66
1023_2
592
1026_0
1362
1030_0
810
811
812
813
1030_1
816
1032_0
189
190
191
192
193
194
1034_0
477
478
479
480
1034_1
765
766
767
768
769
770
771
772
773
774
775
776
777
778
779
780
781
782
783
784
785
786
1037_0
1483
1039_0
815
1042_0
13
14
15
16
17
18
1044_0
1479
1044_1
1490
1491
1492
1047_0
18
19
20
1055_0
574
1059_0
1477
1059_1
1480
1481
1061_0
14
15
16
17
18
1061_1
825
826
827
828
1063_0
10
11
12
13
14
15
16
1063_1
948
949
950
951
952
953
954
955
956
957
1063_2
1451
1064_0
193
194
1064_1
552
553
1066_0
1483
1484
1485
1486
1487
1488
1489
1490
1491
1492
1068_0
243
244
245
246
247
248
1068_1
551
1071_0
272
273
1071_1
364
1073_0
33
1073_1
762
763
1075_0
764
765
766
1075_1
892
893
1076_0
549
1078_0
493
494
1080_0
10
11
12
13
14
15
16
17
18
19
20
21
1084_0
278
1084_1
564
565
1084_2
1037
1038
1039
1040
1041
1042
1043
1044
1087_0
191
192
193
194
1092_0
1413
1414
1415
1416
1093_0
179
1093_1
193
194
1094_0
867
868
869
870
871
872
873
874
875
876
877
878
1098_0
1371
1101_0
243
244
245
246
247
248
1101_1
252
253
254
255
256
257
258
259
260
261
262
263
264
265
1101_2
269
1103_0
9
10
11
12
13
14
15
16
17
18
19
20
21
22
1103_1
40
41
42
43
44
45
46
47
1103_2
534
535
536
1103_3
762
763
764
765
766
767
768
769
770
771
772
773
774
775
776
777
778
779
780
781
782
783
784
785
786
787
788
789
790
791
792
793
794
795
796
797
798
799
800
801
802
803
804
805
806
807
808
1103_4
1409
1410
1411
1105_0
548
1107_0
574
575
576
1111_0
65
66
67
68
69
70
71
72
1111_1
533
534
1111_2
544
545
546
547
1111_3
552
553
1111_4
1062
1063
1064
1065
1066
1067
1111_5
1093
1094
1113_0
159
160
1113_1
548
1116_0
192
193
194
1116_1
1180
1181
1119_0
243
244
245
246
247
248
249
1119_1
1451
1123_0
66
1123_1
68
1123_2
163
164
1126_0
14
15
16
17
18
19
20
21
1126_1
23
1127_0
1452
1127_1
1467
1468
1469
1470
1471
1472
1473
1474
1475
1476
1477
1478
1479
1480
1481
1129_0
624
1130_0
377
378
1131_0
24
1131_1
842
843
1131_2
1414
1415
1416
1417
1418
1419
1420
1421
1422
1133_0
193
194
1133_1
563
564
565
1133_2
739
1133_3
1447
1448
1449
1134_0
179
1134_1
571
572
1136_0
1454
1142_0
196
197
1142_1
1451
1144_0
10
11
12
13
14
15
16
17
18
19
20
1144_1
64
1144_2
201
202
203
204
205
206
207
1144_3
370
371
1144_4
618
619
620
621
622
1144_5
624
625
626
627
628
629
630
631
632
1147_0
14
15
16
17
18
19
1147_1
160
161
162
163
164
1147_2
166
167
168
1147_3
735
1148_0
567
1149_0
549
550
551
552
553
1149_1
992
993
994
995
996
997
998
999
1000
1001
1002
1003
1151_0
193
194
1151_1
284
285
286
287
288
289
1153_0
480
1153_1
1452
1155_0
190
191
192
193
194
1155_1
197
198
199
200
1155_2
364
1155_3
545
1155_4
576
577
1155_5
1436
1437
1438
1439
1440
1441
1442
1443
1444
1445
1158_0
73
1163_0
240
241
1165_0
345
346
1167_0
15
16
1169_0
10
11
12
13
14
15
16
17
18
19
20
21
1171_0
80
81
82
83
84
85
86
87
88
89
90
91
92
93
94
95
96
97
98
99
100
101
102
103
104
105
106
107
108
109
110
1171_1
112
113
114
115
116
117
118
119
120
121
122
123
124
125
126
127
128
129
130
131
132
133
134
135
136
137
138
139
140
141
1171_2
166
167
168
169
1171_3
179
180
181
1171_4
201
202
1171_5
347
1171_6
413
414
415
1171_7
735
736
737
738
739
740
741
742
743
744
745
746
747
1171_8
1346
1347
1173_0
132
1173_1
158
1175_0
571
572
1177_0
810
1180_0
830
831
832
833
834
835
836
837
838
839
840
841
842
843
1180_1
848
849
850
851
852
853
854
855
856
857
858
859
860
861
862
863
864
865
866
867
868
1180_2
879
1180_3
1178
1179
1180
1181
1180_4
1183
1184
1185
1186
1180_5
1192
1180_6
1415
1416
1417
1180_7
1433
1434
1180_8
1479
1480
1481
1184_0
14
15
1186_0
345
1186_1
549
1190_0
634
635
636
1190_1
1451
1191_0
196
197
1192_0
193
194
1195_0
13
14
15
16
17
18
1195_1
166
167
168
169
170
171
172
173
174
175
176
177
1195_2
198
199
200
1195_3
203
204
1195_4
243
244
245
246
247
248
1195_5
1451
1452
1453
1454
1455
1456
1457
1458
1459
1460
1461
1462
1463
1464
1465
1466
1467
1468
1469
1470
1471
1472
1473
1474
1475
1476
1477
1478
1479
1480
1481
1195_6
1487
1199_0
272
273
1202_0
929
1204_0
19
20
1204_1
555
556
557
558
559
560
561
562
563
564
565
1204_2
604
1204_3
667
668
669
670
671
672
673
674
1204_4
736
737
738
739
1204_5
815
816
817
818
819
820
821
822
823
824
825
826
827
828
1204_6
876
877
878
879
880
881
882
883
884
885
886
887
888
889
890
891
892
893
1204_7
1085
1086
1204_8
1103
1104
1204_9
1288
1289
1290
1291
1292
1206_0
1372
1207_0
193
194
1208_0
192
1210_0
17
18
1210_1
285
286
287
288
289
290
291
292
293
1211_0
567
568
569
570
571
572
1211_1
1002
1003
1004
1005
1006
1007
1008
1009
1010
1213_0
188
1213_1
1196
1197
1214_0
1193
1194
1195
1196
1214_1
1198
1199
1216_0
10
11
12
13
14
15
16
17
18
19
20
21
1216_1
1191
1192
1216_2
1413
1414
1415
1416
1417
1418
1419
1420
1421
1422
1423
1424
1425
1221_0
243
244
245
246
247
248
1221_1
380
1221_2
839
1223_0
9
10
11
12
13
14
15
16
17
18
19
20
21
22
23
24
25
26
27
28
29
30
31
32
33
34
35
36
37
38
39
40
41
42
43
44
45
46
47
48
49
50
51
52
53
54
55
56
57
58
59
60
61
62
63
64
65
66
67
68
69
70
71
72
73
74
75
76
77
78
79
80
81
82
83
84
85
86
87
88
89
90
91
92
93
94
95
96
97
98
99
100
101
102
103
104
105
106
107
108
109
110
111
112
113
114
115
116
117
118
119
120
121
122
123
124
125
126
127
128
129
130
131
132
133
134
135
136
137
138
139
140
141
142
143
144
145
146
147
148
149
150
151
152
153
154
155
156
157
158
159
160
161
162
163
164
1223_1
166
167
168
169
170
171
172
173
174
175
176
177
1223_2
179
180
181
182
183
184
185
186
187
188
189
190
191
192
193
194
1223_3
196
197
198
199
200
201
202
203
204
205
206
207
208
209
210
211
212
213
214
215
216
217
218
219
220
221
222
223
224
225
226
227
228
229
230
231
232
233
234
235
236
237
238
239
240
241
1223_4
243
244
245
246
247
248
249
250
251
252
253
254
255
256
257
258
259
260
261
262
263
264
265
266
267
1223_5
269
270
271
272
273
1223_6
284
285
286
287
288
289
290
291
292
293
294
295
296
297
298
299
1223_7
376
377
378
1223_8
387
1223_9
459
1223_10
465
466
1223_11
493
494
1223_12
519
520
521
522
523
524
525
526
527
528
529
530
531
1223_13
533
534
535
536
537
538
539
540
541
542
1223_14
544
545
546
547
548
1223_15
550
551
552
553
1223_16
555
556
1223_17
574
575
576
577
578
579
580
581
582
583
584
585
586
587
588
589
590
1223_18
592
593
594
595
596
597
598
599
600
601
602
1223_19
635
636
637
638
639
640
641
642
643
644
645
646
647
648
649
650
1223_20
675
1223_21
708
1223_22
714
715
716
717
718
719
720
721
722
723
724
725
726
727
728
729
730
731
732
733
1223_23
757
1223_24
869
1223_25
898
899
900
901
902
903
904
905
906
907
908
909
910
911
912
913
914
915
916
917
1223_26
977
978
979
980
981
982
983
1223_27
1015
1223_28
1087
1223_29
1116
1117
1118
1119
1120
1121
1223_30
1123
1124
1125
1223_31
1362
1363
1223_32
1368
1369
1370
1371
1372
1373
1374
1223_33
1376
1223_34
1393
1394
1395
1396
1397
1398
1399
1223_35
1401
1402
1403
1404
1405
1406
1407
1408
1409
1410
1411
1223_36
1414
1223_37
1416
1223_38
1447
1448
1449
1223_39
1453
1224_0
189
190
191
1224_1
1460
1230_0
549
1234_0
127
1239_0
192
193
194
1239_1
341
1239_2
1454
1455
1243_0
568
1243_1
1491
1492
1245_0
155
1251_0
10
11
12
13
14
15
16
17
18
19
20
21
1251_1
432
433
434
435
436
437
438
439
440
441
442
443
444
445
446
447
448
449
450
451
452
453
454
455
456
457
1256_0
193
194
1260_0
192
1267_0
193
194
1268_0
10
11
12
13
14
15
16
17
18
19
20
21
1272_0
469
1276_0
1480
1481
1278_0
1451
1452
1281_0
468
1289_0
13
14
15
16
17
18
19
20
21
1291_0
190
191
192
193
194
1291_1
1455
1292_0
80
81
82
83
84
85
86
87
88
89
90
91
92
93
94
95
96
97
98
99
100
101
102
103
104
105
106
107
1292_1
196
197
198
199
200
201
202
203
1292_2
568
569
1295_0
549
1295_1
1483
1299_0
929
930
931
932
933
934
935
936
937
938
939
940
941
942
943
944
945
946
947
948
949
950
951
952
953
954
955
956
957
1302_0
1479
1303_0
179
1304_0
10
11
12
13
14
15
16
17
18
19
20
1309_0
173
174
175
176
177
1309_1
926
927
1309_2
1451
1452
1453
1454
1455
1456
1457
1458
1459
1460
1461
1462
1463
1464
1465
1466
1467
1468
1469
1470
1471
1472
1473
1474
1475
1476
1477
1478
1479
1480
1481
1310_0
363
1310_1
567
1312_0
621
622
1314_0
193
194
1315_0
15
16
1319_0
1491
1492
1321_0
550
1324_0
13
14
15
16
17
18
19
20
21
1327_0
193
194
1329_0
160
1329_1
830
1329_2
959
1332_0
179
1332_1
762
763
764
765
766
767
768
769
1335_0
15
16
17
18
1335_1
380
381
382
383
384
385
386
387
388
389
390
391
392
393
394
395
396
397
398
399
400
401
402
403
404
405
406
407
408
409
410
411
412
413
414
415
416
417
418
419
420
421
422
423
424
425
426
427
428
429
430
431
432
433
434
435
436
437
438
439
440
441
442
443
444
445
446
447
448
449
450
451
452
453
1335_2
459
460
461
462
463
464
465
466
1335_3
468
1335_4
474
475
1335_5
559
1335_6
604
1335_7
658
1338_0
192
1338_1
196
197
198
199
200
201
202
203
204
205
206
207
208
209
210
211
212
213
214
1338_2
755
756
1341_0
10
11
12
13
14
15
16
17
18
19
20
21
1341_1
631
632
1346_0
193
194
1348_0
345
346
1353_0
13
14
15
16
17
18
1353_1
529
530
531
1353_2
1483
1355_0
571
572
1357_0
347
1359_0
839
840
1359_1
842
843
1361_0
364
365
366
1361_1
477
1361_2
549
1361_3
1432
1433
1434
1362_0
1484
1367_0
170
171
172
173
174
175
176
177
1367_1
179
180
181
182
183
184
185
186
187
188
189
190
191
192
193
194
1367_2
973
974
975
1371_0
617
618
619
620
621
622
1373_0
10
11
12
13
14
15
16
17
18
19
20
21
1373_1
1093
1094
1374_0
196
197
198
199
200
201
202
203
1374_1
285
286
287
288
1377_0
105
106
107
108
109
110
111
1377_1
196
1377_2
198
199
200
201
202
203
204
205
206
207
208
209
210
211
212
213
214
215
1377_3
373
374
375
376
377
378
1377_4
564
565
1377_5
752
753
1377_6
1032
1033
1034
1035
1381_0
348
349
350
351
1381_1
567
568
569
570
571
572
1383_0
533
534
535
536
537
538
1383_1
605
1383_2
1465
1383_3
1483
1484
1485
1486
1487
1488
1489
1490
1491
1492
1386_0
15
16
1386_1
550
1386_2
555
1388_0
163
164
1388_1
360
1390_0
16
17
18
1391_0
18
19
20
21
1394_0
621
622
1394_1
1367
1396_0
240
241
1396_1
363
1398_0
196
197
1398_1
604
1398_2
794
795
796
797
798
799
800
801
802
803
804
805
806
807
808
1398_3
1006
1007
1398_4
1480
1481
1399_0
10
11
12
13
14
15
16
17
1399_1
759
760
1401_0
193
194
1401_1
1359
1360
1403_0
243
244
245
246
247
248
1407_0
160
1407_1
1479
1414_0
275
276
1416_0
13
14
15
16
17
1419_0
15
16
17
18
19
20
21
1419_1
159
1421_0
193
194
1421_1
667
668
1421_2
670
671
672
673
674
675
676
677
678
1422_0
549
1422_1
669
670
671
1425_0
10
11
12
13
14
1427_0
151
1427_1
955
956
957
1427_2
1487
1429_0
120
121
122
123
124
125
126
127
128
129
130
131
132
133
134
135
136
137
138
1429_1
196
197
198
199
200
201
202
203
204
205
206
207
208
209
210
211
212
213
1429_2
364
1429_3
758
759
760
1431_0
10
11
12
13
14
15
16
17
18
19
20
1435_0
240
241
1435_1
345
1435_2
972
1440_0
193
194
1442_0
133
1442_1
183
1442_2
190
191
192
1444_0
536
537
1444_1
547
1444_2
555
556
557
558
559
560
561
562
563
564
565
1444_3
624
625
626
627
628
629
630
631
632
1444_4
845
846
847
1444_5
1085
1444_6
1451
1452
1453
1454
1455
1456
1457
1458
1459
1460
1444_7
1463
1464
1465
1445_0
551
1445_1
762
763
764
765
766
767
768
769
770
1447_0
810
1448_0
179
1448_1
679
680
681
682
683
684
1448_2
810
811
812
813
1454_0
10
11
12
13
14
15
16
17
18
19
20
21
1454_1
477
478
479
480
481
1454_2
757
1456_0
21
22
1456_1
552
553
1456_2
567
568
1458_0
119
1458_1
173
174
175
176
177
1458_2
188
189
190
191
192
193
194
1458_3
1475
1476
1477
1478
1479
1480
1481
1460_0
192
1460_1
548
1463_0
78
79
80
81
82
83
84
85
86
87
88
89
90
91
92
93
94
95
96
97
98
99
100
101
102
103
104
105
106
107
108
109
110
111
112
113
114
115
116
117
118
119
120
121
122
123
124
125
126
127
128
129
130
131
132
133
134
135
136
137
138
139
140
141
142
143
144
145
146
147
148
149
150
151
152
153
154
155
156
157
158
159
160
161
162
163
164
1463_1
166
167
168
169
170
171
172
173
174
175
176
177
1463_2
196
197
1463_3
243
244
245
246
247
248
249
1463_4
269
1463_5
347
348
349
350
351
1463_6
353
1463_7
356
1463_8
368
369
370
371
1463_9
550
551
552
553
1463_10
555
1463_11
557
558
559
560
1463_12
562
1463_13
568
569
570
1463_14
713
1463_15
735
1463_16
746
747
748
749
750
751
752
753
1463_17
995
996
1463_18
1003
1004
1005
1006
1007
1008
1009
1010
1463_19
1014
1015
1016
1017
1463_20
1027
1028
1029
1030
1463_21
1055
1463_22
1103
1104
1463_23
1383
1384
1385
1386
1463_24
1388
1389
1390
1391
1468_0
331
332
333
334
335
336
337
338
1468_1
544
1469_0
1454
1473_0
10
11
12
13
14
15
16
17
18
19
20
21
1473_1
549
1473_2
830
1476_0
330
1476_1
334
1476_2
337
338
1478_0
239
240
241
1478_1
455
456
457
1481_0
193
194
1483_0
179
1483_1
237
1485_0
571
572
1485_1
956
957
1488_0
15
16
17
1488_1
556
1489_0
192
1492_0
13
14
15
1493_0
272
273
1496_0
601
602
1497_0
15
16
17
18
1499_0
841
842
843
1500_0
193
194
1502_0
362
1505_0
10
11
12
13
14
15
16
17
18
19
20
21
1505_1
359
1505_2
1461
1462
1507_0
196
197
198
199
200
201
202
1507_1
205
1507_2
567
1507_3
620
621
622
1512_0
187
1512_1
604
605
606
607
608
609
610
611
612
613
614
615
616
617
618
619
620
621
622
1512_2
627
1512_3
1157
1512_4
1364
1516_0
190
191
192
193
194
1516_1
243
244
245
246
247
1516_2
363
1519_0
9
10
11
12
13
14
15
16
17
18
19
20
21
22
23
1519_1
40
41
42
43
44
45
46
47
48
49
50
51
52
53
54
55
56
57
58
59
60
61
62
63
64
65
66
67
68
69
70
71
72
73
74
75
76
77
78
79
80
81
82
83
84
85
86
87
88
89
90
91
92
93
94
95
96
97
98
99
100
101
102
103
104
105
106
107
108
109
1519_2
365
366
1519_3
996
997
1519_4
1452
1453
1454
1521_0
166
167
168
169
170
171
172
173
174
175
176
177
1521_1
179
180
181
182
183
184
185
186
187
188
189
190
191
192
193
194
1521_2
243
244
245
246
247
248
249
250
251
252
253
254
255
256
257
258
259
260
261
262
263
264
265
266
267
1521_3
977
978
979
980
981
982
983
1521_4
1451
1452
1453
1454
1455
1456
1457
1458
1459
1460
1461
1462
1463
1464
1465
1466
1467
1468
1469
1470
1471
1472
1473
1474
1475
1476
1477
1478
1479
1480
1481
1521_5
1491
1492
1523_0
13
14
15
16
17
1526_0
239
1529_0
1371
1530_0
533
534
535
1530_1
547
548
1534_0
196
197
1534_1
546
1536_0
238
1536_1
360
1536_2
538
539
1537_0
17
18
19
1539_0
549
1539_1
561
1541_0
592
1543_0
9
10
11
12
13
14
15
16
17
18
19
20
21
1545_0
14
15
1547_0
842
843
1549_0
15
16
1549_1
179
1553_0
193
194
1553_1
196
197
198
199
200
201
202
203
204
205
206
207
208
1553_2
285
286
287
288
289
1555_0
237
1555_1
243
244
245
246
247
248
1563_0
571
572
1565_0
345
346
1565_1
493
494
1566_0
10
11
12
13
14
15
16
17
18
19
1568_0
236
1568_1
604
1568_2
667
668
669
670
671
672
673
674
675
676
677
678
679
680
681
682
683
684
685
686
687
688
689
690
691
692
693
694
695
696
1568_3
1340
1568_4
1369
1370
1572_0
193
194
1576_0
192
1576_1
209
210
1576_2
284
285
286
287
288
289
290
291
292
293
1578_0
243
244
245
246
247
248
1578_1
544
545
1580_0
574
575
1580_1
789
790
791
792
793
794
795
796
797
798
799
800
801
802
803
804
805
806
807
808
1583_0
300
301
1583_1
364
1583_2
492
493
494
1583_3
538
539
540
541
542
1583_4
546
547
548
1583_5
562
1583_6
567
1583_7
1088
1089
1090
1091
1092
1093
1094
1584_0
193
194
1584_1
269
1585_0
1483
1587_0
196
197
198
199
200
201
202
203
204
1587_1
762
763
764
765
766
767
768
769
770
771
772
773
774
775
776
777
778
779
780
781
782
783
784
785
786
787
788
1587_2
1056
1589_0
9
10
11
12
13
14
15
16
17
18
19
20
21
22
23
24
25
1589_1
179
1589_2
243
244
245
246
247
248
1589_3
284
285
286
287
288
289
290
291
292
293
1589_4
340
341
342
343
1589_5
1219
1220
1221
1222
1223
1224
1225
1226
1589_6
1362
1363
1364
1365
1366
1367
1368
1369
1589_7
1460
1595_0
192
1595_1
1055
1595_2
1057
1598_0
959
1600_0
193
194
1600_1
571
572
1602_0
347
1602_1
845
846
847
848
849
850
851
852
853
854
855
856
857
858
859
860
861
862
863
864
865
866
867
868
869
870
871
872
873
874
875
876
877
878
879
880
1602_2
895
1606_0
336
337
338
1610_0
496
497
1610_1
549
1612_0
190
191
192
193
194
1612_1
574
1614_0
556
1616_0
243
244
245
246
247
248
249
1616_1
544
1616_2
563
564
565
1618_0
9
10
11
12
13
14
15
16
17
18
19
20
21
1618_1
42
43
44
45
46
47
48
49
50
51
52
53
54
55
56
57
58
59
60
61
62
63
64
65
66
67
68
69
70
71
72
73
74
75
76
77
78
79
80
81
82
83
84
85
86
87
88
89
90
91
92
93
94
95
96
97
98
99
100
101
102
103
104
105
106
107
1618_2
196
197
198
199
200
201
202
203
204
205
206
207
208
209
210
211
212
213
214
215
216
1618_3
239
1618_4
243
244
245
246
247
248
249
1618_5
284
285
286
287
288
289
290
291
292
293
294
1618_6
353
354
355
356
357
358
359
360
361
362
363
364
365
366
1618_7
592
1618_8
630
631
632
1618_9
709
710
711
712
713
714
715
716
717
718
719
720
721
722
723
724
725
726
727
728
729
730
731
732
733
1618_10
755
756
757
758
759
760
1618_11
992
993
994
995
996
1618_12
1012
1013
1618_13
1059
1060
1618_14
1163
1164
1165
1618_15
1259
1618_16
1456
1619_0
172
173
174
175
176
177
1619_1
179
180
181
182
183
184
185
186
187
1619_2
192
1619_3
210
211
212
213
214
1619_4
226
227
228
229
230
231
232
233
234
235
236
237
238
239
240
241
1619_5
248
249
250
1619_6
272
273
1622_0
193
194
1625_0
1490
1491
1492
1628_0
284
285
286
287
288
289
290
291
292
293
1628_1
295
1630_0
68
1632_0
169
170
171
172
173
174
175
176
177
1632_1
196
197
198
199
200
201
202
203
204
205
206
207
208
209
210
211
212
213
214
215
1632_2
256
257
258
259
260
1632_3
269
270
271
272
273
1632_4
284
285
286
287
288
289
290
291
292
293
1632_5
981
982
983
1632_6
1058
1632_7
1451
1452
1453
1454
1455
1456
1457
1458
1459
1460
1461
1462
1463
1464
1465
1466
1467
1468
1469
1470
1471
1472
1473
1474
1475
1476
1477
1478
1479
1480
1481
1632_8
1494
1495
1496
1497
1498
1499
1633_0
163
164
1636_0
477
1636_1
830
1643_0
193
194
1643_1
616
1643_2
956
957
1645_0
601
602
1645_1
1491
1492
1646_0
14
15
16
1648_0
16
17
18
19
1649_0
549
1651_0
345
346
347
348
1651_1
550
1651_2
997
998
999
1000
1001
1002
1003
1004
1653_0
1480
1481
1655_0
162
1655_1
217
1657_0
9
10
11
12
13
14
15
16
17
18
19
20
21
22
1657_1
80
81
82
1657_2
173
174
175
176
177
1657_3
185
1657_4
187
188
189
190
191
192
193
194
1657_5
680
681
682
683
684
685
686
687
688
689
690
691
692
693
694
695
696
697
698
699
700
701
702
703
704
705
706
707
708
709
710
711
712
713
1657_6
1432
1433
1434
1657_7
1442
1443
1444
1445
1661_0
1106
1663_0
567
1666_0
1066
1067
1669_0
70
1669_1
284
285
286
287
288
289
290
291
292
293
1669_2
815
1669_3
1055
1056
1057
1058
1059
1060
1670_0
163
164
1671_0
65
1673_0
652
1675_0
449
450
451
452
453
454
455
456
457
1675_1
548
1675_2
561
1675_3
563
1675_4
629
630
631
632
1675_5
1096
1097
1098
1099
1100
1101
1102
1677_0
15
16
1683_0
14
15
1687_0
63
1687_1
179
1687_2
193
194
1687_3
284
285
286
287
288
289
290
291
292
293
294
295
296
297
298
299
300
301
302
303
1687_4
571
572
1687_5
1359
1360
1690_0
10
11
12
13
14
15
16
17
18
19
20
21
1690_1
55
1691_0
160
1691_1
528
529
530
531
1694_0
196
197
198
199
200
201
202
203
204
205
206
207
208
209
210
211
212
213
214
215
1694_1
287
288
289
290
291
292
293
1694_2
757
1694_3
1262
1696_0
562
1696_1
564
565
1699_0
604
1703_0
184
1703_1
1480
1481
1704_0
16
17
18
1704_1
477
478
1704_2
762
763
764
765
766
767
768
769
770
771
772
773
774
775
776
777
778
779
780
781
782
783
784
785
786
787
788
789
790
791
792
793
794
795
796
797
798
799
800
801
802
803
804
805
806
807
808
1705_0
13
14
15
1705_1
477
1707_0
19
20
21
1710_0
166
167
168
169
170
171
172
173
174
175
176
177
1710_1
179
180
181
182
183
184
185
186
1710_2
190
191
192
193
194
1710_3
654
1711_0
347
1711_1
601
602
1712_0
69
1712_1
549
1712_2
564
565
1712_3
567
568
1712_4
588
589
590
1712_5
1106
1107
1108
1109
1110
1111
1112
1717_0
284
285
286
287
288
289
290
291
292
293
1717_1
842
843
1718_0
10
11
12
13
14
15
16
17
18
19
20
1718_1
667
668
669
670
671
672
673
674
675
676
677
678
679
680
1718_2
810
811
812
813
1718_3
1174
1718_4
1201
1202
1720_0
1483
1721_0
9
10
11
12
13
14
15
16
17
18
19
20
21
22
23
24
25
26
27
28
29
30
31
32
33
34
35
36
37
38
39
40
41
42
43
44
45
46
47
48
49
50
51
52
53
54
55
56
57
58
59
60
61
62
63
64
65
66
67
68
69
70
71
72
73
74
75
76
77
78
79
80
81
82
83
84
85
86
87
88
89
90
91
92
93
94
95
96
97
98
99
100
101
102
103
104
105
106
107
108
109
110
111
112
113
114
115
116
117
118
119
120
121
122
123
124
125
126
127
128
129
130
131
132
133
134
135
136
137
138
139
140
141
142
143
144
145
146
147
148
149
150
151
152
153
154
155
156
157
158
159
160
161
162
163
164
1721_1
166
167
168
169
170
171
172
173
174
175
176
177
1721_2
207
208
209
210
211
212
213
214
215
216
217
218
219
220
221
222
223
224
225
226
227
228
229
230
231
1721_3
243
244
245
246
247
248
249
250
251
252
253
254
255
256
257
258
259
260
1721_4
275
1721_5
284
285
286
287
288
289
290
291
1721_6
297
298
299
300
1721_7
302
1721_8
328
329
330
331
332
333
334
335
336
337
338
1721_9
345
346
1721_10
349
350
351
1721_11
383
384
385
386
387
1721_12
459
460
461
462
463
464
465
466
1721_13
468
469
470
1721_14
477
478
479
480
481
482
483
484
485
486
487
488
489
490
491
492
493
494
1721_15
517
518
519
520
521
522
523
524
525
526
527
528
529
1721_16
533
534
535
536
537
538
539
540
541
542
1721_17
544
545
546
547
548
1721_18
550
551
552
553
1721_19
555
556
1721_20
563
1721_21
567
568
569
570
571
572
1721_22
592
593
594
595
596
597
598
599
600
601
602
1721_23
604
605
606
607
608
609
610
611
612
613
614
615
616
617
618
1721_24
624
625
626
627
628
1721_25
673
674
675
676
1721_26
696
1721_27
699
700
1721_28
713
714
715
716
717
718
719
720
721
722
723
1721_29
735
1721_30
740
741
742
1721_31
895
896
897
898
899
900
901
902
903
904
905
906
907
908
909
910
911
912
913
914
915
916
917
918
919
920
921
922
923
924
925
926
927
1721_32
977
978
979
980
981
982
983
1721_33
1003
1004
1005
1006
1007
1721_34
1014
1721_35
1069
1070
1071
1721_36
1082
1083
1721_37
1085
1086
1087
1721_38
1103
1104
1721_39
1124
1125
1721_40
1370
1371
1372
1373
1374
1721_41
1377
1378
1379
1380
1381
1721_42
1404
1405
1406
1407
1408
1409
1410
1411
1721_43
1413
1721_44
1420
1421
1422
1423
1424
1425
1426
1427
1428
1429
1430
1721_45
1447
1448
1449
1721_46
1483
1484
1485
1486
1487
1488
1489
1490
1491
1492
1729_0
193
194
1732_0
192
1732_1
664
665
1735_0
179
1740_0
243
244
245
246
247
248
1740_1
1127
1741_0
193
194
1743_0
971
1743_1
974
975
1746_0
1480
1481
1751_0
549
1753_0
192
1755_0
13
14
15
16
17
18
19
20
1755_1
1451
1452
1453
1454
1455
1456
1457
1458
1459
1757_0
621
622
1760_0
624
1763_0
240
241
1765_0
179
1767_0
619
1770_0
166
167
168
169
170
171
172
173
174
175
176
177
1770_1
179
180
181
182
183
184
185
186
187
188
189
190
191
192
193
194
1770_2
243
244
245
246
247
248
249
1770_3
977
978
979
980
981
982
983
1770_4
1143
1773_0
9
10
11
12
13
14
15
16
17
18
19
20
21
22
23
24
25
26
27
28
29
30
31
32
33
34
35
36
1773_1
380
1773_2
556
1773_3
827
828
1773_4
1122
1123
1778_0
243
244
245
246
247
248
249
250
251
252
253
254
255
256
257
258
259
260
261
262
263
264
265
266
267
1782_0
1460
1786_0
830
1788_0
1463
1788_1
1473
1474
1475
1476
1477
1478
1479
1480
1481
1792_0
193
194
1794_0
243
244
245
246
247
248
1796_0
1454
1799_0
188
1799_1
299
300
301
302
303
304
305
1803_0
380
381
382
1805_0
13
14
15
16
17
18
19
20
1806_0
190
191
192
193
194
1806_1
929
1810_0
621
622
1810_1
1369
1811_0
196
197
1812_0
348
1812_1
627
628
629
630
631
632
1812_2
815
1814_0
239
1814_1
403
404
1814_2
634
635
636
637
638
639
640
1815_0
240
241
1815_1
972
1818_0
755
756
757
1823_0
549
1823_1
676
677
1827_0
10
11
12
13
14
15
16
17
18
19
20
21
1829_0
624
1837_0
237
1843_0
193
194
1843_1
196
197
198
199
200
201
202
203
204
205
206
207
208
1843_2
1456
1845_0
550
1845_1
1051
1052
1053
1850_0
620
1850_1
959
1851_0
179
1853_0
285
286
287
288
289
290
291
292
293
1853_1
552
553
1853_2
1480
1481
1857_0
243
244
245
246
247
248
1857_1
952
953
1862_0
13
14
15
16
17
18
19
1865_0
193
194
1866_0
180
1867_0
190
191
192
193
194
1869_0
284
285
286
287
288
289
290
291
1872_0
16
17
1872_1
163
164
1872_2
617
618
619
620
621
622
1872_3
989
990
1875_0
87
88
89
90
91
92
93
94
95
96
97
98
99
100
101
102
103
104
105
106
107
1875_1
174
175
176
177
1875_2
243
244
245
246
247
248
249
1875_3
288
289
290
291
292
293
1875_4
334
1875_5
667
668
669
670
671
672
673
674
675
676
677
678
679
680
681
682
683
684
685
686
687
688
689
690
691
692
693
694
695
696
697
698
699
700
701
702
703
704
705
706
707
708
709
710
711
712
713
714
1875_6
1451
1452
1453
1454
1455
1456
1457
1458
1459
1460
1461
1462
1463
1464
1465
1466
1467
1468
1469
1470
1471
1472
1473
1474
1475
1476
1477
1478
1479
1480
1481
1875_7
1483
1877_0
679
680
681
682
683
684
685
686
687
688
1877_1
830
831
832
833
834
835
836
837
838
839
840
841
842
843
1877_2
848
849
850
851
852
853
854
855
856
857
858
859
860
861
862
863
864
865
866
867
868
1877_3
881
882
883
884
885
886
887
888
889
890
891
892
893
1877_4
929
930
931
932
933
934
935
936
937
938
939
940
941
942
943
944
945
946
947
948
949
950
951
952
953
954
955
956
957
1880_0
85
86
87
88
89
90
91
92
93
94
95
96
97
98
99
100
101
102
103
104
105
106
107
1880_1
125
126
127
128
129
1880_2
139
1880_3
179
1880_4
189
1880_5
196
197
198
199
200
201
202
203
204
205
206
207
208
209
210
211
212
213
214
215
216
217
218
219
220
221
222
223
224
225
226
227
228
229
230
231
232
233
234
235
236
237
238
239
240
241
1880_6
243
244
245
246
247
248
249
250
251
252
253
254
255
256
257
258
259
260
1880_7
275
276
277
278
279
280
281
282
283
284
285
286
287
288
289
290
291
292
293
294
295
296
297
298
299
300
301
302
303
304
305
306
307
308
309
310
311
312
313
314
315
316
317
318
319
320
321
322
323
324
325
326
327
328
329
330
331
332
333
334
335
336
337
338
1880_8
462
463
464
465
466
1880_9
468
469
470
471
472
473
474
475
1880_10
529
530
531
1880_11
533
1880_12
550
551
552
553
1880_13
555
556
557
558
559
560
561
562
563
564
565
1880_14
635
636
1880_15
752
753
1880_16
757
758
759
760
1880_17
960
1880_18
992
993
994
995
996
997
998
999
1000
1001
1002
1880_19
1058
1059
1060
1880_20
1452
1888_0
10
11
12
13
14
15
16
17
18
19
20
21
1888_1
549
1891_0
560
1895_0
14
15
16
17
1895_1
1337
1895_2
1339
1895_3
1350
1896_0
188
189
190
191
192
193
194
1896_1
357
1896_2
815
1898_0
345
1898_1
347
1898_2
624
625
626
627
1898_3
732
733
1903_0
628
1903_1
800
801
802
803
804
805
806
807
808
1903_2
985
1903_3
1491
1492
1905_0
272
273
1908_0
571
572
1909_0
179
1912_0
269
1912_1
284
285
286
287
288
289
290
291
292
293
1912_2
567
1912_3
601
602
1914_0
15
16
1914_1
179
180
181
182
183
184
185
1914_2
271
1918_0
10
11
12
13
14
15
16
17
18
19
20
21
1918_1
278
1921_0
574
575
576
577
578
579
1929_0
347
1931_0
193
194
1931_1
812
813
1934_0
568
1935_0
1454
1937_0
179
1937_1
284
285
286
287
288
289
290
1941_0
1451
1452
1453
1454
1455
1456
1944_0
816
817
1944_1
827
828
1944_2
1451
1947_0
959
1950_0
286
287
288
289
290
291
292
293
1950_1
533
534
535
536
537
538
539
540
541
542
1952_0
13
14
15
16
17
18
19
20
21
1953_0
173
174
175
176
177
1953_1
184
185
186
187
188
189
190
191
192
193
194
1953_2
544
1957_0
183
1957_1
284
285
286
287
288
289
290
291
1957_2
346
347
348
1957_3
549
550
1958_0
345
1958_1
1480
1481
1960_0
84
85
86
87
88
89
90
91
92
93
94
95
96
97
98
99
100
101
102
103
104
105
106
107
1960_1
347
1960_2
459
460
461
462
463
1960_3
604
1960_4
729
1960_5
985
986
987
988
989
990
1960_6
1016
1017
1960_7
1023
1024
1025
1962_0
196
197
198
199
200
201
202
1962_1
373
1964_0
10
11
12
13
14
15
16
17
18
1964_1
118
119
120
121
122
123
124
125
126
127
128
129
130
131
132
133
134
135
136
137
138
139
140
141
1964_2
377
378
1964_3
974
975
1964_4
1268
1269
1270
1271
1272
1273
1274
1275
1276
1277
1278
1279
1280
1281
1282
1283
1284
1285
1286
1287
1288
1289
1290
1291
1292
1966_0
158
159
160
161
162
163
164
1966_1
173
174
175
176
177
1966_2
667
668
669
670
671
672
673
674
675
676
677
678
679
680
681
682
683
684
685
686
687
688
689
690
691
692
693
694
695
696
697
1966_3
825
1967_0
179
1971_0
14
15
16
1971_1
346
1971_2
567
1972_0
1451
1974_0
272
273
1976_0
19
20
1976_1
345
1976_2
347
1976_3
571
572
1976_4
670
671
1976_5
815
816
817
818
819
820
821
1978_0
815
1981_0
196
197
1981_1
284
285
286
287
288
289
290
291
292
293
294
295
296
297
298
299
300
301
302
303
304
305
1981_2
1483
1983_0
172
173
174
175
176
177
1983_1
269
270
271
272
273
1983_2
629
630
631
632
1983_3
1183
1184
1185
1186
1187
1188
1189
1190
1191
1192
1193
1194
1195
1196
1197
1198
1199
1985_0
198
199
1987_0
559
1988_0
548
1988_1
560
1990_0
193
194
1990_1
664
665
1990_2
1480
1481
1992_0
10
11
12
13
14
15
16
17
18
19
20
21
1995_0
1019
1020
1021
1999_0
587
588
589
590
1999_1
592
1999_2
628
1999_3
631
632
1999_4
721
722
723
724
725
726
727
728
729
730
731
732
733
1999_5
1436
1437
1438
1439
1440
1441
1442
1443
1444
1445
1999_6
1452
2000_0
199
200
201
2000_1
203
2002_0
1477
2002_1
1491
1492
2004_0
179
2006_0
14
15
2006_1
477
